643
-1500.1547	0	-3500
-1500.1547	3500	-3500
4941.821300000001	3500	-3500
4941.821300000001	0	-3500
-1500.1547	0	-2100
-1500.1547	3500	-2100
4941.821300000001	3500	-2100
4941.821300000001	0	-2100
-1500.1547	0	-2000
-1500.1547	3500	-2000
4941.821300000001	3500	-2000
4941.821300000001	0	-2000
-1500.1547	0	-1000
-1500.1547	3500	-1000
4941.821300000001	3500	-1000
4941.821300000001	0	-1000
-1500.1547	0	0
-1500.1547	3500	0
4941.821300000001	3500	0
4941.821300000001	0	0
-1500.1547	349.9999999996485	-3500
-1500.1547	699.999999998776	-3500
-1500.1547	1049.999999997509	-3500
-1500.1547	1399.999999996242	-3500
-1500.1547	1749.999999995019	-3500
-1500.1547	2099.99999999598	-3500
-1500.1547	2449.999999996985	-3500
-1500.1547	2799.99999999799	-3500
-1500.1547	3149.999999998995	-3500
-1161.103331579583	3500	-3500
-822.0519631590329	3500	-3500
-483.0005947388127	3500	-3500
-143.949226318817	3500	-3500
195.1021421012674	3500	-3500
534.1535105212447	3500	-3500
873.2048789411399	3500	-3500
1212.25624736121	3500	-3500
1551.307615781296	3500	-3500
1890.358984202368	3500	-3500
2229.410352624338	3500	-3500
2568.461721046306	3500	-3500
2907.513089468083	3500	-3500
3246.564457890034	3500	-3500
3585.615826312114	3500	-3500
3924.667194733915	3500	-3500
4263.718563156155	3500	-3500
4602.769931577855	3500	-3500
4941.821300000001	3149.999999999813	-3500
4941.821300000001	2799.999999999626	-3500
4941.821300000001	2449.999999999439	-3500
4941.821300000001	2099.999999999251	-3500
4941.821300000001	1750.000000000884	-3500
4941.821300000001	1400.000000000743	-3500
4941.821300000001	1050.000000000558	-3500
4941.821300000001	700.0000000003715	-3500
4941.821300000001	350.0000000001855	-3500
4602.769931579912	0	-3500
4263.718563159372	0	-3500
3924.667194739306	0	-3500
3585.615826319108	0	-3500
3246.564457899052	0	-3500
2907.513089479145	0	-3500
2568.461721059196	0	-3500
2229.410352639099	0	-3500
1890.358984218984	0	-3500
1551.307615797884	0	-3500
1212.256247375887	0	-3500
873.2048789538901	0	-3500
534.1535105320845	0	-3500
195.1021421101068	0	-3500
-143.9492263120028	0	-3500
-483.0005947338313	0	-3500
-822.0519631561001	0	-3500
-1161.103331577825	0	-3500
-1500.1547	0	-3150.000000000001
-1500.1547	0	-2800.000000000003
-1500.1547	0	-2450.000000000001
-1500.1547	3500	-3150.000000000001
-1500.1547	3500	-2800.000000000003
-1500.1547	3500	-2450.000000000001
4941.821300000001	3500	-3150.000000000001
4941.821300000001	3500	-2800.000000000003
4941.821300000001	3500	-2450.000000000001
4941.821300000001	0	-3150.000000000001
4941.821300000001	0	-2800.000000000003
4941.821300000001	0	-2450.000000000001
-1500.1547	349.9999999996485	-2100
-1500.1547	699.999999998776	-2100
-1500.1547	1049.999999997509	-2100
-1500.1547	1399.999999996242	-2100
-1500.1547	1749.999999995019	-2100
-1500.1547	2099.99999999598	-2100
-1500.1547	2449.999999996985	-2100
-1500.1547	2799.99999999799	-2100
-1500.1547	3149.999999998995	-2100
-1161.103331579583	3500	-2100
-822.0519631590329	3500	-2100
-483.0005947388127	3500	-2100
-143.949226318817	3500	-2100
195.1021421012674	3500	-2100
534.1535105212447	3500	-2100
873.2048789411399	3500	-2100
1212.25624736121	3500	-2100
1551.307615781296	3500	-2100
1890.358984202368	3500	-2100
2229.410352624338	3500	-2100
2568.461721046306	3500	-2100
2907.513089468083	3500	-2100
3246.564457890034	3500	-2100
3585.615826312114	3500	-2100
3924.667194733915	3500	-2100
4263.718563156155	3500	-2100
4602.769931577855	3500	-2100
4941.821300000001	3149.999999999813	-2100
4941.821300000001	2799.999999999626	-2100
4941.821300000001	2449.999999999439	-2100
4941.821300000001	2099.999999999251	-2100
4941.821300000001	1750.000000000884	-2100
4941.821300000001	1400.000000000743	-2100
4941.821300000001	1050.000000000558	-2100
4941.821300000001	700.0000000003715	-2100
4941.821300000001	350.0000000001855	-2100
4602.769931579912	0	-2100
4263.718563159372	0	-2100
3924.667194739306	0	-2100
3585.615826319108	0	-2100
3246.564457899052	0	-2100
2907.513089479145	0	-2100
2568.461721059196	0	-2100
2229.410352639099	0	-2100
1890.358984218984	0	-2100
1551.307615797884	0	-2100
1212.256247375887	0	-2100
873.2048789538901	0	-2100
534.1535105320845	0	-2100
195.1021421101068	0	-2100
-143.9492263120028	0	-2100
-483.0005947338313	0	-2100
-822.0519631561001	0	-2100
-1161.103331577825	0	-2100
-1500.1547	349.9999999996485	-2000
-1500.1547	699.999999998776	-2000
-1500.1547	1049.999999997509	-2000
-1500.1547	1399.999999996242	-2000
-1500.1547	1749.999999995019	-2000
-1500.1547	2099.99999999598	-2000
-1500.1547	2449.999999996985	-2000
-1500.1547	2799.99999999799	-2000
-1500.1547	3149.999999998995	-2000
-1161.103331579583	3500	-2000
-822.0519631590329	3500	-2000
-483.0005947388127	3500	-2000
-143.949226318817	3500	-2000
195.1021421012674	3500	-2000
534.1535105212447	3500	-2000
873.2048789411399	3500	-2000
1212.25624736121	3500	-2000
1551.307615781296	3500	-2000
1890.358984202368	3500	-2000
2229.410352624338	3500	-2000
2568.461721046306	3500	-2000
2907.513089468083	3500	-2000
3246.564457890034	3500	-2000
3585.615826312114	3500	-2000
3924.667194733915	3500	-2000
4263.718563156155	3500	-2000
4602.769931577855	3500	-2000
4941.821300000001	3149.999999999813	-2000
4941.821300000001	2799.999999999626	-2000
4941.821300000001	2449.999999999439	-2000
4941.821300000001	2099.999999999251	-2000
4941.821300000001	1750.000000000884	-2000
4941.821300000001	1400.000000000743	-2000
4941.821300000001	1050.000000000558	-2000
4941.821300000001	700.0000000003715	-2000
4941.821300000001	350.0000000001855	-2000
4602.769931579912	0	-2000
4263.718563159372	0	-2000
3924.667194739306	0	-2000
3585.615826319108	0	-2000
3246.564457899052	0	-2000
2907.513089479145	0	-2000
2568.461721059196	0	-2000
2229.410352639099	0	-2000
1890.358984218984	0	-2000
1551.307615797884	0	-2000
1212.256247375887	0	-2000
873.2048789538901	0	-2000
534.1535105320845	0	-2000
195.1021421101068	0	-2000
-143.9492263120028	0	-2000
-483.0005947338313	0	-2000
-822.0519631561001	0	-2000
-1161.103331577825	0	-2000
-1500.1547	0	-1666.666666666667
-1500.1547	0	-1333.333333333333
-1500.1547	3500	-1666.666666666667
-1500.1547	3500	-1333.333333333333
4941.821300000001	3500	-1666.666666666667
4941.821300000001	3500	-1333.333333333333
4941.821300000001	0	-1666.666666666667
4941.821300000001	0	-1333.333333333333
-1500.1547	349.9999999996485	-1000
-1500.1547	699.999999998776	-1000
-1500.1547	1049.999999997509	-1000
-1500.1547	1399.999999996242	-1000
-1500.1547	1749.999999995019	-1000
-1500.1547	2099.99999999598	-1000
-1500.1547	2449.999999996985	-1000
-1500.1547	2799.99999999799	-1000
-1500.1547	3149.999999998995	-1000
-1161.103331579583	3500	-1000
-822.0519631590329	3500	-1000
-483.0005947388127	3500	-1000
-143.949226318817	3500	-1000
195.1021421012674	3500	-1000
534.1535105212447	3500	-1000
873.2048789411399	3500	-1000
1212.25624736121	3500	-1000
1551.307615781296	3500	-1000
1890.358984202368	3500	-1000
2229.410352624338	3500	-1000
2568.461721046306	3500	-1000
2907.513089468083	3500	-1000
3246.564457890034	3500	-1000
3585.615826312114	3500	-1000
3924.667194733915	3500	-1000
4263.718563156155	3500	-1000
4602.769931577855	3500	-1000
4941.821300000001	3149.999999999813	-1000
4941.821300000001	2799.999999999626	-1000
4941.821300000001	2449.999999999439	-1000
4941.821300000001	2099.999999999251	-1000
4941.821300000001	1750.000000000884	-1000
4941.821300000001	1400.000000000743	-1000
4941.821300000001	1050.000000000558	-1000
4941.821300000001	700.0000000003715	-1000
4941.821300000001	350.0000000001855	-1000
4602.769931579912	0	-1000
4263.718563159372	0	-1000
3924.667194739306	0	-1000
3585.615826319108	0	-1000
3246.564457899052	0	-1000
2907.513089479145	0	-1000
2568.461721059196	0	-1000
2229.410352639099	0	-1000
1890.358984218984	0	-1000
1551.307615797884	0	-1000
1212.256247375887	0	-1000
873.2048789538901	0	-1000
534.1535105320845	0	-1000
195.1021421101068	0	-1000
-143.9492263120028	0	-1000
-483.0005947338313	0	-1000
-822.0519631561001	0	-1000
-1161.103331577825	0	-1000
-1500.1547	0	-666.6666666666891
-1500.1547	0	-333.3333333333113
-1500.1547	3500	-666.6666666666891
-1500.1547	3500	-333.3333333333113
4941.821300000001	3500	-666.6666666666891
4941.821300000001	3500	-333.3333333333113
4941.821300000001	0	-666.6666666666891
4941.821300000001	0	-333.3333333333113
-1500.1547	349.9999999996485	0
-1500.1547	699.999999998776	0
-1500.1547	1049.999999997509	0
-1500.1547	1399.999999996242	0
-1500.1547	1749.999999995019	0
-1500.1547	2099.99999999598	0
-1500.1547	2449.999999996985	0
-1500.1547	2799.99999999799	0
-1500.1547	3149.999999998995	0
-1161.103331579583	3500	0
-822.0519631590329	3500	0
-483.0005947388127	3500	0
-143.949226318817	3500	0
195.1021421012674	3500	0
534.1535105212447	3500	0
873.2048789411399	3500	0
1212.25624736121	3500	0
1551.307615781296	3500	0
1890.358984202368	3500	0
2229.410352624338	3500	0
2568.461721046306	3500	0
2907.513089468083	3500	0
3246.564457890034	3500	0
3585.615826312114	3500	0
3924.667194733915	3500	0
4263.718563156155	3500	0
4602.769931577855	3500	0
4941.821300000001	3149.999999999813	0
4941.821300000001	2799.999999999626	0
4941.821300000001	2449.999999999439	0
4941.821300000001	2099.999999999251	0
4941.821300000001	1750.000000000884	0
4941.821300000001	1400.000000000743	0
4941.821300000001	1050.000000000558	0
4941.821300000001	700.0000000003715	0
4941.821300000001	350.0000000001855	0
4602.769931579912	0	0
4263.718563159372	0	0
3924.667194739306	0	0
3585.615826319108	0	0
3246.564457899052	0	0
2907.513089479145	0	0
2568.461721059196	0	0
2229.410352639099	0	0
1890.358984218984	0	0
1551.307615797884	0	0
1212.256247375887	0	0
873.2048789538901	0	0
534.1535105320845	0	0
195.1021421101068	0	0
-143.9492263120028	0	0
-483.0005947338313	0	0
-822.0519631561001	0	0
-1161.103331577825	0	0
703.6791947311925	3206.372901760494	-3500
2737.987405269102	195.7513988264606	-3500
1684.305923214723	3121.776128064175	-3500
4603.335735780564	1861.838385381949	-3500
-1085.675193271615	1819.076858332921	-3500
-1267.467097173382	2643.221396000271	-3500
4638.712408675287	875.0000000004645	-3500
-1197.045808676544	874.9999999981426	-3500
4474.451040469161	2589.292853634228	-3500
1381.781931586885	293.6270982409382	-3500
2661.188463418508	3073.513267338109	-3500
364.6278263210957	293.6270982412349	-3500
2.195493266313793	3132.826022754462	-3500
3477.894486945545	2536.183995821018	-3500
2059.88466842904	880.8812947191824	-3500
3335.904011883256	512.8040553009885	-3500
260.0488671642381	1719.281992816569	-3500
4453.058154719183	3177.989841022807	-3500
-652.5262789449656	293.6270982411356	-3500
-664.1075873351926	2856.501314651501	-3500
4130.639599799125	776.9639319937426	-3500
-1152.506563207865	3191.620451775128	-3500
4586.58051720228	333.6606553323988	-3500
-1202.196963839867	303.7254196477852	-3500
4734.86767157426	3331.997460255655	-3500
-1500.1547	879.6686913728755	-3107.594904564479
-1500.1547	1574.999999995631	-2403.108891323474
-1500.1547	2216.666666663244	-2852.06924954782
-1500.1547	284.9585864213685	-2663.449363070562
-1500.1547	2989.583333331901	-2484.2450447778
-1500.1547	2991.406249998576	-3138.914286790703
-1500.1547	1569.524016122657	-3020.126729341729
-1500.1547	158.7396466052543	-2328.36234076764
-1500.1547	302.9254555587784	-3184.208853527009
-1500.1547	3285.351562499392	-3322.228571697675
-1500.1547	3284.895833332725	-2283.56126119445
703.6791947311924	3500	-3206.372901760494
-30.93210351214648	3500	-3119.037116924972
-652.5262789489228	3500	-2393.62709823969
1381.781931571253	3500	-3206.372901760335
2059.884668413351	3500	-2393.627098240914
4127.674472294957	3500	-2501.426751440209
2737.987405257195	3500	-3206.372901758863
3423.639350673432	3500	-3149.752596321908
-1169.097510598742	3500	-2981.72489219046
4612.662160107519	3500	-2987.835983641737
2035.666713526836	3500	-3016.106543359894
235.4654002464275	3500	-2530.169616733699
1042.730563151175	3500	-2692.150200210736
2907.513089468172	3500	-2614.222701548409
-1196.60730422545	3500	-2405.07039808603
-1332.627560544581	3500	-3282.931223047616
4645.349832796064	3500	-2427.85254701639
4774.768672921342	3500	-3284.458995910434
4941.821300000001	1869.444444444566	-2974.646041943949
4941.821300000001	1225.00000000065	-2403.108891324694
4941.821300000001	2735.493827160195	-2571.837461179915
4941.821300000001	525.0000000002785	-2536.314294325954
4941.821300000001	3008.084851476237	-3195.25635755351
4941.821300000001	503.1250000002669	-3159.6035811167
4941.821300000001	1132.44874338674	-2998.917530924959
4941.821300000001	3289.521212869012	-3336.314089388377
4941.821300000001	213.2812500001131	-3327.400895279176
4941.821300000001	3277.098765432002	-2404.367492235985
4941.821300000001	218.750000000116	-2296.578573581489
3077.038773689098	0	-3206.372901760483
2370.68175614733	0	-3132.025033368559
3755.141510529209	0	-2393.62709823965
1720.833300008434	0	-2393.627098240122
-692.3571615513116	0	-3052.538330537069
703.6791947429875	0	-3206.372901758839
25.576457899052	0	-2393.627098241245
4501.054521053699	0	-2705.342856380301
-1237.641330146415	0	-2388.397420302033
1381.781931586885	0	-3206.372901759062
141.9244605966006	0	-3029.549053345474
3755.141510529209	0	-2959.801465563356
2737.987405269172	0	-2692.150200210751
824.1762477119776	0	-2566.193631668093
4650.237123158595	0	-3271.068571276061
4746.866763158402	0	-2338.835714095076
-1270.784918625827	0	-3200.507666107414
703.6791947311925	3206.372901760494	-2100
2737.987405269171	293.6270982395345	-2100
1720.833299991832	3206.372901759902	-2100
4612.850261053735	1852.200245444525	-2100
-1083.879706642346	1869.56598577061	-2100
-1295.379114483009	2657.722686892484	-2100
4638.712408675287	875.0000000004645	-2100
-1065.636705145184	807.2957957697624	-2100
4454.067544876741	2786.870719710862	-2100
2920.99784697138	2978.718997999902	-2100
487.4892244435972	438.6818006421131	-2100
1381.781931586885	293.6270982409382	-2100
24.9271180902689	3189.722034494298	-2100
2051.688300355921	757.3181586517603	-2100
3416.09014210908	293.627098239581	-2100
2321.400165035732	3022.39729435135	-2100
-313.4749105229171	293.6270982411804	-2100
3755.141510523015	3206.372901758843	-2100
1135.619426305426	1338.582752237435	-2100
2220.601859194775	2115.896407848451	-2100
3555.298406059567	2122.206042221233	-2100
-139.031780380718	1413.688873046571	-2100
-652.5262789489227	2909.492822487331	-2100
4060.452285875338	677.9184298391933	-2100
409.1060108925136	2390.895347675797	-2100
1308.498779774831	2371.242987859144	-2100
3007.019733143976	1043.432205839959	-2100
-1155.228348028425	3202.869251563135	-2100
4574.882631548318	317.153071639974	-2100
-1209.820279975822	231.4591591538822	-2100
4640.839727922148	3287.374143942136	-2100
703.6791947311925	3206.372901760494	-2000
2737.987405269171	293.6270982395345	-2000
1720.833299991832	3206.372901759902	-2000
4638.712408676862	1925.000000000068	-2000
-1073.016568683543	1715.507771226691	-2000
-1197.045808674576	2624.999999997488	-2000
4638.712408675287	875.0000000004645	-2000
-1062.721336242581	791.3562118678136	-2000
4457.317956965847	2795.992192217601	-2000
3001.799584669916	3055.973304593912	-2000
492.1045638513232	437.8826697562058	-2000
1381.781931586885	293.6270982409382	-2000
16.55228695149415	3154.901708405368	-2000
2060.293397531315	744.3026501898061	-2000
3422.918334637589	344.9175993050439	-2000
2450.65471553545	3145.96977980209	-2000
-313.4749105229171	293.6270982411804	-2000
3755.141510523015	3206.372901758843	-2000
1150.211880224856	1325.667245099808	-2000
2041.539613876625	1617.342314897825	-2000
3584.708800384386	2285.908517914853	-2000
-57.04074887996173	1330.128809601921	-2000
-676.7921198053814	3053.134471517139	-2000
4112.341271294032	441.46732731772	-2000
496.2938583567633	2247.263767089125	-2000
2890.27881168666	1286.783891114917	-2000
1442.24577136099	2299.790568791826	-2000
2447.437228215123	2414.020182696474	-2000
-415.1748501225342	2354.322754639622	-2000
3815.694912045864	1210.524358416046	-2000
-1142.883770536429	3221.35574525227	-2000
4583.530795784764	277.7445545530617	-2000
-1209.237206195301	228.2712423734925	-2000
4641.48981033997	3289.198438443483	-2000
-1500.1547	374.145276550373	-1484.373721533608
-1500.1547	3130.555555554495	-1500
-1500.1547	1209.914527652096	-1478.748261285805
-1500.1547	1997.844932518365	-1425.535465897972
-1500.1547	2532.628641151255	-1560.790780842567
-1500.1547	3320.138888888372	-1791.666666666667
-1500.1547	3320.138888888372	-1208.333333333333
-1500.1547	181.0363191375054	-1787.760097050069
-1500.1547	181.0363191375054	-1204.426763716735
-1162.042121862255	3500	-1483.621198272991
4603.708721861079	3500	-1483.621198273104
703.6791947312088	3500	-1648.249400502991
25.57645789120234	3500	-1367.734562342835
-555.7885722979374	3500	-1550.193680087975
1381.781931571635	3500	-1544.32778778276
2059.884668413729	3500	-1479.744360752987
4066.095063290382	3500	-1462.874716085721
2778.350663402689	3500	-1383.367381957326
3544.76758557065	3500	-1480.780262255381
4772.530313359732	3500	-1787.571966234942
4772.530313359733	3500	-1204.238632901609
-1330.86371336046	3500	-1787.571966234915
-1330.86371336046	3500	-1204.238632901581
4941.821300000001	374.1452765510537	-1484.373721533706
4941.821300000001	3130.555555555357	-1500
4941.821300000001	1925.000000000073	-1647.655140686415
4941.821300000001	1186.686240167856	-1382.703496783758
4941.821300000001	2522.22222222183	-1449.665020098059
4941.821300000001	3320.138888888791	-1791.666666666667
4941.821300000001	3320.138888888791	-1208.333333333333
4941.821300000001	181.0363191378098	-1787.760097050093
4941.821300000001	181.0363191378098	-1204.42676371676
4576.799883098916	0	-1516.378801727012
-1162.042121861057	0	-1483.621198273106
3077.038773689115	0	-1361.466959056137
2358.572778703824	0	-1604.030341837571
3806.898073097444	0	-1588.951445009556
1750.756409990119	0	-1517.338390306262
-624.4284632903111	0	-1462.874716085725
614.0039800263233	0	-1541.946728320178
-19.67389541006118	0	-1401.736428418602
1221.314447689452	0	-1505.293314163075
-1330.86371335972	0	-1787.571966234943
-1330.86371335972	0	-1204.23863290161
4765.803103669708	0	-1795.76136709842
4765.803103669708	0	-1212.428033765086
534.6709225722127	3178.753759583675	-1000
2737.987405269171	293.6270982395345	-1000
1890.87639625379	3178.298202504468	-1000
4654.007668966512	2074.728565616484	-1000
-1066.406008163497	1505.310777008197	-1000
3020.882477027547	3077.606161609257	-1000
364.6278263210957	293.6270982412349	-1000
1381.781931586885	293.6270982409382	-1000
-1116.879839970253	2728.850067334975	-1000
4575.7917365531	782.8880172813178	-1000
-1168.27045683294	941.8074220997881	-1000
4607.799511099615	2493.024916898632	-1000
-29.36172269398172	3132.651553179734	-1000
2077.331684468413	487.8358300909857	-1000
3464.509687311502	382.5717969480229	-1000
2407.523196961165	3035.603587892747	-1000
-313.4749105229171	293.6270982411804	-1000
3755.141510523015	3206.372901758843	-1000
1266.107017063265	1334.986801984837	-1000
2183.765139953854	1662.910131061536	-1000
225.6427942246767	1439.632238174655	-1000
3430.257983208308	2273.820484549912	-1000
3058.561600109368	1101.254676202566	-1000
3818.236745531205	1317.161760162438	-1000
1210.840820797222	2271.021698684514	-1000
-761.8096987571632	3112.357374358467	-1000
4203.141353523478	379.6602249131244	-1000
-369.2987483031334	2428.563447259724	-1000
2001.274542495576	2446.975088103503	-1000
756.9673229575467	885.9253822816311	-1000
1638.894285144987	1841.095681582659	-1000
2698.246291808034	2213.215084338945	-1000
2699.031256924732	1574.53640713084	-1000
491.0223096957554	2529.496000932549	-1000
733.1714952579044	1814.01032183436	-1000
165.2653609918956	1959.206567275776	-1000
1215.46145945734	1823.118940798287	-1000
-373.1968574472886	1725.639489865488	-1000
-1060.892221983453	2098.337683065196	-1000
-325.2038017411256	939.4209591171339	-1000
4469.186724464441	3070.20183297362	-1000
-1027.520124465682	429.7981670248952	-1000
1220.681716737275	3013.068093726089	-1000
3140.86677551633	1695.99768247694	-1000
4100.470718946124	2172.025699637796	-1000
1822.702221686353	1131.33287464971	-1000
-1208.0204540614	3198.241488338488	-1000
4653.069124331299	302.5096484389255	-1000
-1297.233214010877	194.949541756136	-1000
4738.899814010572	3305.050458243359	-1000
2429.896551401981	1041.916169562528	-1000
4567.710109999563	1506.686291814317	-1000
-1500.1547	369.444444443849	-500.0000000000001
-1500.1547	3125.854723448268	-484.3737215337625
-1500.1547	977.7777777754702	-456.6987298109321
-1500.1547	1579.681932292593	-659.7500168272231
-1500.1547	2313.579175492484	-383.389147358984
-1500.1547	3318.963680861816	-787.7600970501129
-1500.1547	3318.963680861816	-204.4267637167684
-1500.1547	179.8611111108743	-791.6666666666723
-1500.1547	179.8611111108743	-208.3333333333278
-1162.04212186226	3500	-516.378801727009
4603.708721861083	3500	-483.6211982731042
663.3159365859748	3500	-401.35377410017
-52.84358650526564	3500	-443.9609536943543
-566.9914357831476	3500	-565.7628222030518
1376.736524303481	3500	-638.465834482407
2059.253992505211	3500	-491.5116165904429
4066.095063290384	3500	-462.8747160857209
2778.300609759156	3500	-384.3012911507743
3544.761328865208	3500	-480.8970009045619
4772.530313359734	3500	-787.5719662349484
4772.530313359734	3500	-204.2386329016039
-1330.863713360461	3500	-795.7613670984243
-1330.863713360461	3500	-212.42803376508
4941.821300000001	374.1452765510481	-484.3737215337062
4941.821300000001	3130.555555555359	-500.0000000000001
4941.821300000001	1925.000000000073	-647.6551406864151
4941.821300000001	1186.686240167855	-382.7034967837577
4941.821300000001	2522.22222222183	-449.6650200980592
4941.821300000001	3320.138888888793	-791.6666666666724
4941.821300000001	3320.138888888793	-208.3333333333279
4941.821300000001	181.0363191378084	-787.7600970500987
4941.821300000001	181.0363191378084	-204.4267637167544
4576.799883098923	0	-516.3788017270124
-1162.042121861062	0	-483.6211982731061
3077.038773689115	0	-361.4669590561364
2358.572778703824	0	-604.0303418375706
3806.898073097444	0	-588.9514450095563
1750.756409990119	0	-517.3383903062619
-624.428463290312	0	-462.8747160857253
614.0039800263233	0	-541.9467283201778
-19.67389541006126	0	-401.7364284186019
1221.314447689452	0	-505.2933141630749
-1330.863713359722	0	-787.5719662349486
-1330.863713359722	0	-204.2386329016043
4765.803103669709	0	-795.7613670984254
4765.803103669709	0	-212.4280337650809
703.6791947311925	3206.372901760494	0
2737.987405269171	293.6270982395345	0
1720.833299991832	3206.372901759902	0
4638.712408676862	1925.000000000068	0
-1072.008311254279	1703.702085360419	0
-1197.045808674576	2624.999999997488	0
4638.712408675287	875.0000000004645	0
-1057.022949202579	783.5109543250761	0
4457.300275689884	2795.970643156851	0
3001.276761579212	3055.528270102699	0
497.8165678569449	431.5129080191113	0
1381.781931586885	293.6270982409382	0
14.60933808353781	3152.540021991841	0
2061.894852041708	741.7871228794662	0
3423.267156490612	344.7972041699248	0
2449.846488631861	3145.292203113354	0
-313.4749105229171	293.6270982411804	0
3755.141510523015	3206.372901758843	0
1156.558189457506	1315.201296381401	0
2043.007161633182	1615.016343563408	0
3533.355061812077	2206.797031125911	0
-46.09248727631962	1303.124747846881	0
-683.8486618040364	3043.258508869701	0
4113.151727050241	441.8019966945637	0
491.7934049870176	2232.752877589919	0
2883.573052658755	1274.657059954187	0
1441.269307686695	2301.95030772256	0
-415.4320876564426	2343.396373609376	0
2439.023019141945	2400.802016763145	0
3810.210765671003	1200.296280278295	0
-1144.059860869538	3219.709751477696	0
4583.665871744134	277.8003327825356	0
-1208.097528787301	226.702190864945	0
4641.486274084779	3289.194128631334	0
