0	-2.18484e-12 -1.08696e-12
1	1.21037e-12 9.51845e-13
2	1.34914e-12 -2.53882e-13
3	-1.20657e-12 -1.88209e-13
4	-7.63111e-13 -2.45909e-12
5	1.24239e-12 1.13338e-12
6	2.32845e-12 7.60276e-12
7	4.80739e-12 2.77169e-13
8	-3.75114e-12 -3.69361e-12
9	7.95085e-12 1.08749e-11
10	-4.89688e-13 3.77383e-12
11	-8.4077e-13 -2.68479e-12
12	-8.81447e-12 -3.00872e-12
13	9.96766e-12 -2.74402e-12
14	-1.18128e-12 2.61531e-12
15	-6.35139e-13 -1.17194e-12
16	-3.325e-12 1.36876e-12
17	4.1607e-12 -6.49142e-13
18	6.45249e-12 -1.43104e-11
19	1.00225e-12 7.00175e-13
20	2.29441e-12 2.59278e-12
21	1.51465e-11 -2.33688e-11
22	3.9414e-12 -6.7254e-12
23	3.32208e-13 2.86156e-12
24	-2.02671e-08 -1.26192e-09
25	1.108e-12 1.35396e-12
26	2.88266e-12 2.05306e-11
27	-1.15134e-13 -1.83945e-11
28	-2.02718e-08 -1.28453e-09
29	-2.02698e-08 -1.24409e-09
30	3.16077e-12 3.56735e-12
31	-1.8663e-12 -2.91431e-12
32	5.58869e-12 -3.14662e-12
33	-2.02769e-08 -1.26202e-09
34	-1.88853e-08 -3.0887e-09
35	1.08539e-11 -7.69815e-13
36	3.03569e-11 -1.78636e-11
37	-1.71971e-11 2.59192e-11
38	-1.89273e-08 -3.05911e-09
39	1.30825e-11 -1.01604e-11
40	6.38834e-12 1.74851e-11
41	-4.90714e-12 1.58794e-11
42	2.39754e-08 -1.42558e-09
43	1.97972e-11 2.87111e-13
44	-2.10918e-11 4.32857e-11
45	1.04334e-11 -5.59752e-11
46	2.40095e-08 -1.4859e-09
47	2.39564e-08 -1.35599e-09
48	3.7857e-11 2.64841e-11
49	1.32287e-11 -9.56946e-12
50	-2.888e-11 8.49077e-12
51	2.39984e-08 -1.43592e-09
52	2.02288e-08 2.76631e-09
53	-1.31773e-11 2.17048e-12
54	-6.73828e-11 1.16544e-11
55	4.26521e-11 -2.30022e-11
56	2.03059e-08 2.72523e-09
57	-3.01024e-11 1.11218e-11
58	-1.1047e-12 -9.1363e-12
59	1.80082e-12 -1.5152e-11
60	2.02144e-08 2.78941e-09
61	-6.20548e-12 -2.08376e-11
62	-1.48772e-12 1.68468e-11
63	2.12853e-12 -2.0314e-13
64	-9.56043e-12 2.33107e-13
65	-5.11387e-12 -4.21205e-12
66	1.53867e-12 3.57855e-12
67	1.8864e-08 3.11479e-09
68	-3.7124e-11 3.03834e-11
69	1.80897e-11 -3.08716e-11
70	-6.0214e-12 2.69942e-12
71	1.88795e-08 3.10506e-09
72	5.94395e-12 -2.71943e-11
73	-7.6134e-12 1.08538e-11
74	-1.16187e-12 -7.56834e-12
75	2.85869e-11 -5.82096e-11
76	-1.29201e-11 6.66353e-11
77	-1.20878e-11 -3.01426e-13
78	2.12467e-11 -1.04863e-11
79	-4.13746e-12 -1.50832e-11
80	1.8767e-12 1.81656e-11
81	-2.01792e-08 -2.78679e-09
82	7.03159e-11 -4.43233e-11
83	-4.09899e-11 3.10077e-11
84	6.51472e-12 3.84482e-12
85	-1.1278e-11 2.35444e-11
86	1.49409e-11 -1.58384e-11
87	-4.94564e-12 1.51542e-11
88	-5.32973e-12 3.64956e-12
89	-4.86138e-14 8.52972e-13
90	1.15468e-12 -1.30339e-14
91	1.17288e-13 -2.6107e-13
92	-5.81403e-12 2.8182e-12
93	-2.22453e-12 1.92689e-12
94	3.18485e-13 9.80632e-15
95	1.34239e-13 -2.21209e-13
96	1.54508e-13 -1.64422e-13
97	-2.27344e-12 5.02296e-12
98	1.89179e-12 -9.97417e-13
99	-1.04327e-12 -1.66133e-13
100	-1.54727e-13 -3.6713e-13
101	1.73221e-12 5.77736e-12
102	-2.55008e-12 2.8818e-12
103	4.06289e-13 -7.9641e-13
104	-9.6534e-14 -5.05852e-13
105	-2.14017e-13 -1.22759e-13
106	2.06698e-11 -1.97886e-11
107	-5.88042e-12 1.25552e-12
108	1.58681e-12 -1.26083e-12
109	-1.28073e-14 4.73258e-13
110	1.02756e-11 -1.22819e-11
111	1.8524e-11 -1.03128e-11
112	-1.9261e-12 7.18709e-13
113	-3.54327e-13 9.88381e-13
114	1.71176e-13 5.33519e-14
115	1.77025e-13 -1.98074e-11
116	-4.6411e-12 1.35502e-12
117	2.85413e-12 3.02965e-12
118	-8.60635e-13 2.57454e-13
119	-2.37297e-12 -1.48568e-11
120	3.70846e-12 -5.90249e-12
121	-2.00056e-12 3.57977e-12
122	-2.16433e-13 2.62171e-13
123	5.35405e-13 1.47223e-13
124	-2.14105e-13 5.22525e-14
125	7.76302e-13 -8.69251e-13
126	-7.70399e-14 -8.37201e-13
127	2.66681e-13 8.8758e-14
128	-3.75324e-13 -1.07523e-13
129	2.61201e-13 5.1693e-13
130	2.93509e-13 7.30948e-14
131	5.07872e-13 -1.01097e-13
132	-1.38925e-13 -3.05746e-13
133	2.558e-13 2.21227e-14
134	2.05672e-14 1.39168e-13
135	-2.21786e-13 -7.34008e-13
136	3.78484e-13 -4.11565e-13
137	7.2523e-13 3.24727e-13
138	5.29953e-13 1.04981e-12
139	3.15091e-13 -1.28612e-13
140	3.79509e-13 -1.53672e-14
141	-1.7501e-12 -3.89157e-13
142	-4.566e-14 9.00041e-14
143	-1.99171e-14 -4.04855e-14
144	-9.32655e-13 -2.35999e-13
145	3.70262e-15 -1.16676e-13
146	-2.79672e-13 1.69093e-13
147	5.72524e-13 9.96312e-13
148	-5.82103e-12 -4.24484e-12
149	-7.27633e-12 -7.08634e-12
150	1.83069e-12 1.23621e-12
151	-9.16765e-12 -8.24854e-12
152	2.48647e-13 -1.18312e-12
153	-8.8494e-12 -1.27923e-12
154	1.06781e-12 2.35045e-13
155	-8.5677e-12 -7.35679e-12
156	-1.17388e-11 5.38725e-13
157	1.23223e-11 4.70407e-12
158	-4.13931e-12 -8.89136e-12
159	-2.59411e-11 -2.97145e-12
160	-3.38287e-11 -2.45027e-12
161	2.61867e-11 7.57768e-12
162	4.11393e-12 -1.19102e-11
163	-8.2487e-12 -8.55328e-12
164	-1.74021e-11 -2.57773e-11
165	-4.15087e-12 4.55841e-12
166	-3.04007e-11 -6.69984e-11
167	8.88334e-12 -2.25403e-13
168	-1.77131e-12 -1.818e-11
169	1.45506e-11 3.36346e-11
170	6.36703e-12 -2.29225e-11
171	-3.21673e-11 -4.07811e-11
172	8.51265e-12 -8.06563e-12
173	7.07079e-12 -3.92168e-12
174	-4.32874e-11 -2.77017e-11
175	1.38055e-11 -1.17026e-11
176	4.52925e-12 -1.02224e-11
177	-1.2642e-12 6.1208e-12
178	2.94597e-12 -8.59499e-12
179	-5.49402e-12 1.69819e-11
180	5.69244e-12 2.44293e-12
181	-4.33058e-12 -5.20436e-13
182	-2.50022e-12 -3.69472e-12
183	8.98105e-12 -2.14816e-11
184	2.38378e-12 1.18407e-11
185	-5.74845e-12 3.72648e-12
186	-1.14456e-11 -1.84506e-11
187	-6.0308e-12 -3.74787e-12
188	1.54183e-11 -2.58585e-11
189	-1.89614e-11 8.56788e-11
190	-1.05136e-11 3.59209e-11
191	-1.82363e-11 -8.23177e-12
192	1.96475e-11 -1.24031e-10
193	-1.73978e-11 -1.57079e-10
194	-6.44944e-11 1.25003e-10
195	9.7152e-11 -1.70997e-10
196	4.016e-11 -1.68034e-10
197	-3.35886e-11 1.37691e-12
198	6.34694e-11 -1.33948e-10
199	-6.92456e-11 -3.00819e-11
200	7.63436e-11 -6.12895e-11
201	1.35422e-10 -2.68472e-11
202	1.15566e-10 -1.06757e-10
203	-1.58766e-10 1.05274e-10
204	2.76999e-10 4.4243e-11
205	4.40948e-12 5.14832e-11
206	2.54672e-10 7.20257e-11
207	-1.14177e-11 -7.92649e-11
208	1.31635e-10 4.38843e-11
209	3.64672e-10 1.99439e-10
210	-2.49404e-10 -1.45512e-10
211	-1.25646e-10 -7.66624e-11
212	4.51144e-10 2.23856e-10
213	-5.89369e-10 -3.3341e-10
214	7.9198e-10 2.39793e-10
215	-4.83759e-10 -3.46019e-10
216	1.89997e-10 1.02688e-10
217	3.29144e-10 4.2467e-10
218	3.77114e-10 6.51074e-11
219	-2.6662e-10 -2.21354e-10
220	2.14924e-10 3.7135e-10
221	1.18973e-11 -3.31876e-10
222	-5.29985e-10 -7.18981e-10
223	-1.4072e-10 3.35968e-10
224	2.05054e-10 3.63622e-10
225	-1.46966e-10 -6.94554e-10
226	4.14157e-10 4.57533e-10
227	1.92759e-10 6.14461e-10
228	-2.72152e-10 -1.66663e-10
229	1.2059e-10 2.11073e-10
230	2.3159e-10 1.02766e-10
231	3.20672e-11 2.15153e-10
232	2.6439e-11 1.0469e-10
233	1.40105e-10 -1.09757e-10
234	-6.59941e-11 -1.47096e-11
235	3.30175e-11 9.94655e-11
236	1.46169e-10 -2.22214e-10
237	8.29183e-11 6.23851e-11
238	-8.54257e-11 -1.25103e-10
239	-5.41477e-11 7.59388e-11
240	7.99987e-11 8.15766e-11
241	1.05414e-10 -2.0875e-12
242	-7.29625e-11 -3.3089e-11
243	5.93827e-11 4.36643e-11
244	3.07658e-11 -1.09367e-10
245	1.21559e-10 8.28294e-11
246	-8.45927e-11 1.0566e-10
247	-1.32257e-10 -1.24784e-10
248	4.0146e-11 9.8e-11
249	4.21386e-11 2.49258e-11
250	5.73483e-11 3.26551e-11
251	1.21874e-11 4.45263e-11
252	9.84312e-12 3.14389e-12
253	9.26381e-12 2.26341e-12
254	-8.09348e-12 1.28124e-11
255	3.58131e-12 4.69102e-12
256	2.96463e-11 -3.74234e-12
257	-2.06471e-11 -2.32907e-12
258	-1.2218e-11 1.25345e-12
259	7.35419e-12 -5.26241e-13
260	-4.8426e-12 1.71268e-12
261	2.00703e-11 5.2732e-12
262	2.02368e-11 -2.28179e-11
263	-6.2626e-11 -7.68907e-12
264	-1.7404e-11 2.66542e-12
265	5.2427e-12 7.68923e-11
266	-4.37044e-12 1.29607e-10
267	7.60881e-13 -5.24467e-11
268	-1.34323e-11 1.28896e-10
269	-3.39684e-11 4.0283e-11
270	-3.63621e-11 2.16322e-12
271	1.26596e-11 7.64031e-11
272	3.86975e-12 4.58326e-11
273	-1.04415e-11 6.63625e-11
274	8.34022e-12 7.73191e-11
275	2.13711e-12 -3.84547e-11
276	-8.93046e-12 5.33517e-12
277	-6.73612e-12 4.87668e-11
278	1.20544e-12 -1.24425e-10
279	-8.68211e-12 7.73408e-11
280	5.55529e-12 -5.37698e-11
281	-4.09123e-11 1.32062e-11
282	-3.12895e-12 2.07565e-11
283	-2.98036e-12 2.10287e-11
284	-1.26914e-11 2.62378e-11
285	-7.67244e-12 -6.74154e-12
286	4.39275e-12 1.51669e-11
287	-9.97689e-13 -6.03818e-12
288	-3.93821e-12 1.24708e-11
289	-6.38641e-12 -2.62871e-11
290	7.05942e-12 -8.68874e-12
291	-3.72833e-12 2.07513e-12
292	-2.66272e-12 7.29441e-12
293	-4.1114e-11 4.4721e-11
294	1.72433e-11 -2.41948e-11
295	4.23369e-12 -7.12946e-12
296	3.07072e-14 3.76803e-12
297	-4.84613e-11 6.35e-11
298	1.2497e-10 -1.02301e-10
299	6.92047e-11 -7.09939e-11
300	9.02176e-12 2.71962e-11
301	-1.01573e-10 1.06471e-10
302	4.05676e-11 -3.6042e-11
303	-1.14706e-10 4.37105e-11
304	-2.18431e-10 4.35393e-11
305	2.24779e-10 -1.45928e-10
306	-5.09134e-11 7.19022e-11
307	-1.11729e-10 -6.07376e-11
308	-7.13705e-11 2.7445e-11
309	-1.59812e-10 -1.28764e-10
310	4.18046e-11 5.87207e-11
311	4.07955e-11 -6.76011e-11
312	1.30088e-10 -1.02896e-10
313	8.04228e-11 8.9975e-11
314	-6.85011e-11 -4.84047e-11
315	-7.32598e-11 -6.93085e-11
316	8.03723e-11 -4.5586e-11
317	-1.06718e-10 5.17507e-11
318	-3.0474e-10 -5.01115e-12
319	1.32134e-10 1.04366e-11
320	-1.15555e-11 1.65786e-10
321	-2.3582e-10 1.72358e-11
322	-3.32391e-10 -2.15596e-10
323	4.19434e-10 3.0505e-11
324	-2.71617e-10 2.04346e-10
325	1.4534e-10 1.02398e-10
326	-1.8015e-10 -2.33365e-10
327	-3.12044e-10 -3.4135e-10
328	-2.70196e-10 2.59254e-10
329	4.96481e-10 4.06485e-10
330	5.98942e-10 -5.36282e-11
331	-1.86851e-10 -3.95638e-10
332	-1.59877e-10 -2.02761e-10
333	-2.05746e-10 -1.50583e-10
334	2.78583e-11 -9.01753e-11
335	-1.51256e-11 -1.24316e-10
336	-7.61464e-11 2.00185e-11
337	4.19738e-11 -1.68368e-10
338	1.82413e-10 1.70439e-10
339	-5.37756e-11 -1.70625e-10
340	-6.29266e-11 1.31122e-10
341	-1.24053e-10 -3.12453e-10
342	4.13398e-11 -2.29302e-11
343	-6.48947e-11 -2.11481e-10
344	-7.30751e-11 -1.54938e-10
345	8.31467e-11 1.78457e-10
346	-5.92399e-11 -8.27369e-11
347	4.02214e-12 7.15097e-11
348	1.17848e-10 3.93939e-10
349	5.46551e-11 -5.56249e-11
350	-3.92864e-11 -5.07608e-11
351	6.7823e-11 1.59819e-10
352	-7.46648e-11 -9.26268e-11
353	-1.25707e-11 -6.81645e-11
354	6.55559e-11 3.50863e-11
355	-2.84947e-11 -2.93319e-11
356	-3.0485e-11 -3.50225e-11
357	-2.36055e-12 -2.0506e-11
358	-1.25891e-11 -9.06712e-12
359	2.15897e-12 1.08208e-13
360	5.97551e-12 4.94135e-12
361	1.7179e-11 1.40665e-11
362	-3.17814e-12 -1.43354e-12
363	7.67123e-12 8.49855e-12
364	8.99205e-13 1.85704e-13
365	5.80318e-12 -1.33295e-12
366	8.15221e-12 -1.85917e-12
367	-4.94741e-13 -2.25351e-12
368	-1.02134e-12 1.20906e-12
369	1.36594e-12 -7.82187e-13
370	3.22228e-12 -9.13742e-13
371	-1.95758e-11 3.15315e-12
372	8.56315e-14 -1.04286e-12
373	-8.03247e-12 1.91456e-12
374	3.7082e-12 1.5769e-12
375	2.00784e-12 1.37373e-12
376	-2.55143e-12 -2.03103e-12
377	-8.59656e-12 -9.40134e-12
378	-5.80172e-12 8.93774e-12
379	2.59848e-12 7.04657e-12
380	-1.68318e-12 -7.05941e-12
381	3.1159e-12 1.58635e-12
382	-9.29795e-12 -6.6418e-12
383	-2.37854e-11 -2.32738e-11
384	-4.48566e-12 1.3724e-11
385	8.35973e-12 6.64976e-12
386	-8.8514e-12 -3.0914e-11
387	-2.44112e-12 -7.95395e-12
388	1.59189e-11 1.92473e-11
389	2.47946e-12 1.31027e-11
390	-8.60713e-12 5.75195e-12
391	-5.45333e-13 2.85745e-12
392	-8.21898e-13 -1.65272e-12
393	9.47224e-12 -2.09024e-12
394	3.78839e-12 -2.65607e-12
395	-1.51236e-11 1.78215e-12
396	1.32651e-11 -6.42319e-13
397	-7.75428e-11 -1.63949e-11
398	9.3842e-12 -7.33575e-12
399	-2.39083e-11 -1.59436e-12
400	3.04674e-11 -1.37582e-13
401	2.21306e-11 1.53666e-11
402	-9.36021e-12 -4.81293e-12
403	-5.56979e-12 1.63612e-11
404	6.13498e-12 -1.05444e-11
405	2.14677e-12 -8.91977e-12
406	-2.02804e-11 2.7247e-11
407	-2.3423e-12 -9.72878e-13
408	8.64561e-12 5.90707e-12
409	1.38517e-11 2.93621e-11
410	1.71412e-11 -2.06747e-11
411	-1.21356e-11 5.89383e-12
412	-7.0085e-12 3.64841e-11
413	-8.16056e-12 9.14418e-12
414	-1.41161e-11 -1.17023e-11
415	5.96968e-12 -1.0089e-11
416	8.67278e-12 4.09342e-11
417	-2.02712e-08 -1.3084e-09
418	6.85214e-13 -4.38828e-12
419	-2.23297e-12 -1.2416e-11
420	2.28221e-11 3.38868e-11
421	2.24395e-12 -2.2956e-11
422	-7.08671e-12 6.71291e-11
423	-2.02731e-08 -1.35541e-09
424	-2.02792e-08 -1.40531e-09
425	2.21876e-11 8.69165e-12
426	-1.9609e-11 -2.17635e-11
427	1.34119e-11 -4.49161e-12
428	-3.47546e-11 1.05358e-10
429	-2.0259e-08 -1.47995e-09
430	-2.0243e-08 -1.56474e-09
431	-2.02123e-08 -1.69271e-09
432	1.63815e-12 -1.11185e-11
433	-1.18507e-12 1.17169e-10
434	1.83156e-11 -6.68537e-11
435	-2.02731e-08 -1.47493e-09
436	-6.72842e-11 1.21952e-10
437	-2.01554e-08 -1.8076e-09
438	-2.01163e-08 -1.93989e-09
439	-1.32732e-11 5.06592e-11
440	-2.52679e-11 1.36043e-10
441	6.21132e-11 -1.7011e-10
442	-5.4469e-11 1.02551e-10
443	-2.00228e-08 -2.06763e-09
444	-1.98501e-08 -2.22966e-09
445	6.61296e-12 -3.30612e-11
446	2.62551e-11 7.17535e-12
447	-1.0913e-10 1.8801e-10
448	-1.97588e-08 -2.32869e-09
449	-1.95822e-08 -2.46644e-09
450	7.65451e-12 -1.14732e-10
451	8.09744e-11 -2.72847e-11
452	5.33204e-11 -1.02628e-10
453	-1.63245e-10 2.81463e-10
454	-1.95102e-08 -2.54643e-09
455	-7.58692e-11 1.13644e-10
456	-1.94333e-08 -2.65002e-09
457	-1.92962e-08 -2.7661e-09
458	5.4967e-11 -1.46947e-10
459	-2.8865e-11 1.24603e-10
460	-4.63522e-11 9.59539e-11
461	-8.75316e-11 7.53449e-11
462	-1.91935e-08 -2.8773e-09
463	-1.90748e-08 -2.971e-09
464	-1.45894e-11 3.16476e-11
465	2.90302e-11 -2.0259e-11
466	-1.89672e-08 -3.04267e-09
467	2.03616e-11 -3.08577e-11
468	-6.14675e-12 7.34764e-12
469	1.14516e-10 -9.68874e-11
470	-3.28716e-11 3.4514e-11
471	-6.53069e-11 6.06653e-11
472	-1.88377e-08 -3.14593e-09
473	-1.87777e-08 -3.20528e-09
474	2.37943e-11 -3.41359e-11
475	-2.69786e-11 7.34753e-11
476	8.43518e-12 -9.81849e-13
477	1.33412e-11 -1.09155e-11
478	-1.88497e-08 -3.1422e-09
479	-2.04071e-10 1.29468e-10
480	-1.86933e-08 -3.26423e-09
481	-1.98243e-11 2.04935e-11
482	1.80502e-11 -6.35821e-11
483	7.81571e-11 -7.21334e-11
484	-1.87215e-08 -3.28191e-09
485	-1.87674e-08 -3.20171e-09
486	-2.39624e-10 1.94715e-10
487	-1.84601e-08 -3.38954e-09
488	-1.82644e-08 -3.50213e-09
489	-1.80215e-08 -3.65312e-09
490	1.04111e-10 -9.24048e-11
491	-2.40089e-10 2.28741e-10
492	2.07607e-10 -2.12438e-10
493	-1.79863e-08 -3.73827e-09
494	-1.84831e-08 -3.415e-09
495	-7.09565e-10 3.38192e-10
496	-1.77165e-08 -3.82487e-09
497	2.24139e-10 -2.80576e-10
498	-3.9145e-10 4.3778e-10
499	7.40402e-12 4.54655e-11
500	-1.03343e-09 5.02775e-10
501	-1.69187e-08 -4.12242e-09
502	-1.65791e-08 -4.23438e-09
503	-1.59502e-08 -4.39716e-09
504	-1.16053e-10 5.05847e-11
505	-1.22218e-09 7.41893e-10
506	7.26013e-10 -2.7666e-10
507	-1.57349e-08 -4.55772e-09
508	-1.97164e-09 2.05921e-10
509	-1.47466e-08 -4.79112e-09
510	2.99568e-10 -6.11663e-10
511	-1.52929e-09 7.18764e-10
512	-1.46626e-10 3.23652e-10
513	-1.44481e-08 -4.84445e-09
514	-3.2408e-09 -1.87255e-10
515	-1.25767e-08 -4.83063e-09
516	-1.11305e-08 -5.10993e-09
517	-7.5577e-10 -1.00626e-11
518	1.80576e-09 1.79592e-10
519	-1.22361e-08 -4.75595e-09
520	-3.23751e-09 -7.51542e-12
521	-7.61193e-09 -4.59766e-09
522	-5.62859e-09 -5.0946e-09
523	1.06853e-09 -6.82199e-10
524	5.00923e-09 5.06834e-10
525	-4.44923e-09 1.42289e-10
526	-8.73379e-09 -4.11535e-09
527	-3.29882e-09 -5.14725e-10
528	-2.06391e-09 -4.63718e-09
529	1.01772e-09 -4.47719e-09
530	4.07752e-09 -4.6729e-09
531	-4.08561e-09 4.76851e-10
532	2.84231e-09 -1.61377e-09
533	-1.29941e-09 2.93847e-10
534	2.17938e-09 -3.98494e-09
535	-3.89627e-09 -1.7755e-09
536	7.66205e-09 -3.59677e-09
537	-1.56907e-09 -1.18111e-10
538	1.85771e-09 7.46685e-10
539	5.66524e-09 -2.8128e-09
540	-2.92187e-09 -6.3455e-10
541	1.18707e-08 -1.1471e-09
542	1.63784e-08 -2.51693e-09
543	1.91534e-08 -3.36185e-09
544	1.493e-09 2.51486e-10
545	5.53572e-09 2.51736e-09
546	-1.74945e-09 -8.47836e-10
547	9.65352e-09 -2.25738e-10
548	1.92497e-08 -3.28447e-09
549	-1.92767e-09 -3.38717e-10
550	2.22692e-08 -2.43239e-09
551	3.5228e-09 -2.20735e-10
552	-1.50358e-09 2.60042e-10
553	-2.88453e-09 -9.34676e-10
554	7.02307e-10 -2.72212e-10
555	2.22083e-08 -2.16546e-09
556	-8.18571e-10 -5.22349e-10
557	2.43398e-08 -1.95696e-09
558	2.42076e-08 -3.69139e-09
559	2.37873e-08 -4.45419e-09
560	-1.60123e-10 5.38679e-11
561	-1.15152e-09 1.43622e-10
562	2.36355e-08 -5.03184e-09
563	-3.64792e-10 -4.7174e-10
564	2.4584e-08 -3.86768e-09
565	3.392e-10 2.84223e-10
566	-4.574e-10 1.10039e-09
567	-5.23113e-10 -6.86288e-10
568	2.43485e-08 -4.08324e-09
569	-1.3814e-10 -3.6273e-10
570	2.48825e-08 -3.34256e-09
571	2.46746e-08 -3.23598e-09
572	2.43934e-08 -3.04028e-09
573	-3.34451e-10 -4.72258e-10
574	5.25374e-10 -3.29077e-10
575	6.63231e-10 5.45383e-10
576	-1.60846e-10 -1.73845e-10
577	-2.39639e-11 -3.96815e-10
578	2.44705e-08 -2.64395e-09
579	-1.27944e-10 -2.38645e-10
580	1.10209e-11 2.05788e-10
581	7.21633e-12 -1.70744e-10
582	2.44357e-08 -2.21913e-09
583	2.41893e-08 -1.94761e-09
584	2.40819e-08 -1.72102e-09
585	-2.20087e-11 4.03828e-11
586	-1.41468e-10 -3.20093e-10
587	5.62607e-11 6.14077e-10
588	-6.55505e-12 -2.07065e-10
589	2.4026e-08 -1.56146e-09
590	2.45445e-08 -2.27342e-09
591	2.40435e-08 -1.53541e-09
592	6.44444e-11 1.16122e-10
593	4.07683e-11 8.78508e-12
594	-9.7591e-12 -3.55347e-11
595	2.4014e-11 -1.19299e-10
596	2.39323e-08 -1.2946e-09
597	-2.81853e-11 -4.28285e-11
598	2.12126e-11 3.38792e-11
599	-9.17966e-11 -4.15194e-11
600	-3.79789e-11 6.25703e-11
601	2.39521e-08 -1.24331e-09
602	2.39775e-08 -1.37649e-09
603	1.2446e-10 -2.60731e-10
604	2.38843e-08 -1.16626e-09
605	2.38373e-08 -1.0157e-09
606	-7.03642e-12 2.58042e-11
607	-8.31345e-11 6.63693e-11
608	2.39106e-08 -1.11731e-09
609	1.00715e-10 -2.76678e-10
610	2.36671e-08 -7.43536e-10
611	2.35244e-08 -4.06228e-10
612	2.3389e-08 -8.15745e-11
613	-5.92369e-11 2.12588e-10
614	1.4328e-10 -4.29474e-10
615	-1.57672e-10 3.12924e-10
616	2.34008e-08 1.27051e-10
617	2.3761e-08 -8.52317e-10
618	1.30247e-10 -3.1403e-10
619	2.32147e-08 2.04238e-10
620	4.86972e-11 -1.39687e-10
621	-2.13113e-11 4.05475e-10
622	2.88269e-11 -1.59038e-10
623	3.06678e-10 -4.3781e-10
624	2.30116e-08 5.22588e-10
625	2.27511e-08 8.22011e-10
626	6.74486e-11 2.20182e-11
627	2.50861e-10 -6.56086e-10
628	-9.58462e-11 1.54829e-10
629	3.70511e-10 -3.77202e-10
630	2.23601e-08 1.24866e-09
631	2.20557e-08 1.49291e-09
632	1.29016e-10 -2.42516e-10
633	-4.22874e-10 5.85443e-10
634	5.19803e-10 -5.83661e-10
635	2.15557e-08 1.93558e-09
636	1.98276e-10 -2.13642e-10
637	2.16033e-08 1.85593e-09
638	2.12604e-08 2.1454e-09
639	2.10438e-08 2.34992e-09
640	-6.27115e-11 1.04751e-10
641	1.43349e-10 -2.03852e-10
642	2.11065e-08 2.29955e-09
643	1.66992e-10 -6.049e-11
644	2.07998e-08 2.54883e-09
645	2.05858e-08 2.67445e-09
646	-1.21805e-10 3.00056e-10
647	3.77827e-11 -2.73124e-11
648	-4.74883e-11 1.34211e-11
649	2.03879e-08 2.72046e-09
650	-3.35995e-11 3.52664e-11
651	1.894e-11 -5.36325e-12
652	-2.04868e-10 7.47068e-11
653	6.07829e-11 -2.9114e-11
654	1.88511e-10 -5.55351e-11
655	2.01256e-08 2.81297e-09
656	-6.02495e-11 3.58222e-11
657	-7.09623e-12 -1.66748e-11
658	-2.61689e-11 1.33973e-11
659	-3.77812e-11 8.93265e-12
660	2.01586e-08 2.80612e-09
661	3.54038e-10 -8.30335e-11
662	1.99111e-08 2.85393e-09
663	1.97543e-08 2.90533e-09
664	3.37628e-10 -2.21912e-10
665	-7.76744e-11 4.92078e-11
666	-1.46829e-10 4.83051e-11
667	-2.21175e-10 6.15636e-11
668	1.98446e-08 2.90583e-09
669	1.99414e-08 2.84126e-09
670	7.08414e-10 -3.95034e-11
671	1.93558e-08 2.95805e-09
672	1.89627e-08 3.03643e-09
673	1.82512e-08 3.19729e-09
674	1.74905e-10 -6.52354e-11
675	8.19954e-10 -1.30312e-10
676	-4.41219e-10 1.56489e-10
677	1.81601e-08 3.38411e-09
678	1.94558e-08 2.95668e-09
679	9.09658e-10 -2.2001e-11
680	1.74502e-08 3.15535e-09
681	-2.94681e-10 5.96375e-11
682	1.38521e-10 -8.0536e-11
683	1.85175e-09 3.80485e-10
684	1.64362e-08 3.04957e-09
685	1.55666e-08 3.08494e-09
686	-9.55827e-10 2.27113e-10
687	1.226e-09 -3.92588e-10
688	2.63819e-09 5.92113e-10
689	-7.27999e-10 -2.45121e-11
690	1.35203e-08 3.5791e-09
691	2.67579e-09 5.41704e-10
692	1.35557e-08 2.43587e-09
693	1.20352e-08 2.55031e-09
694	9.9983e-09 2.98155e-09
695	5.58256e-10 -5.6371e-11
696	7.95923e-10 1.91999e-10
697	1.14834e-08 2.81545e-09
698	3.17158e-09 5.98339e-10
699	7.08057e-09 2.05675e-09
700	-7.79523e-10 2.38917e-10
701	-1.84404e-09 -4.18643e-10
702	8.60287e-09 1.76686e-09
703	3.01065e-09 3.04625e-10
704	3.61569e-09 1.0249e-09
705	6.48584e-10 1.39896e-09
706	-1.3041e-09 2.60204e-09
707	3.35774e-09 -2.46857e-10
708	-2.48556e-09 6.8131e-10
709	-4.91661e-09 -1.10123e-09
710	8.57062e-10 -2.41146e-10
711	5.25897e-09 5.86031e-10
712	-7.89147e-10 1.67972e-09
713	3.1257e-09 9.94581e-10
714	-4.68282e-09 1.9152e-09
715	1.34651e-09 1.7912e-10
716	4.39121e-09 1.33315e-09
717	-1.28394e-09 -1.13531e-09
718	-8.11011e-09 7.13456e-09
719	-3.0996e-09 2.15279e-11
720	2.10768e-09 3.95995e-10
721	-8.18717e-09 5.42853e-10
722	-1.04542e-08 3.6316e-09
723	-1.17712e-08 4.49772e-09
724	-9.15141e-10 1.42486e-12
725	1.4703e-09 2.74544e-10
726	-1.12882e-08 5.57762e-09
727	1.52008e-09 6.44115e-10
728	-1.40342e-08 3.82556e-09
729	-1.53432e-08 3.16275e-09
730	-2.32858e-09 2.17493e-10
731	1.19783e-09 -2.7843e-10
732	-5.10578e-10 -1.14196e-10
733	1.4011e-09 7.39514e-10
734	-1.69157e-08 2.26584e-09
735	4.45001e-11 -1.31796e-10
736	2.04323e-09 1.12311e-09
737	-1.94833e-09 -8.52352e-10
738	-1.81839e-08 1.86261e-09
739	5.8525e-10 3.13483e-10
740	-1.83571e-08 1.30315e-09
741	-1.91188e-08 8.48772e-10
742	-1.94141e-08 5.23956e-10
743	7.49104e-10 2.6057e-10
744	-1.00508e-09 -1.64412e-10
745	6.69211e-10 2.08419e-10
746	-1.95606e-08 7.34861e-10
747	2.13245e-10 3.20061e-10
748	-1.99876e-08 1.21326e-10
749	-2.00024e-08 -1.40839e-10
750	1.79696e-10 1.19447e-10
751	8.16533e-11 -1.90529e-10
752	3.43073e-10 4.84109e-10
753	-2.00335e-08 -2.78853e-10
754	1.17549e-10 1.78627e-10
755	-2.0191e-08 -5.06456e-10
756	-6.15384e-11 -8.282e-11
757	1.30106e-10 1.57583e-10
758	-1.87495e-13 7.23753e-11
759	-2.02886e-08 -7.16804e-10
760	-2.03054e-08 -8.8637e-10
761	-2.02809e-08 -1.00673e-09
762	-1.55e-11 -3.22123e-11
763	-1.99582e-10 -1.7675e-10
764	7.82979e-12 -1.98975e-11
765	5.80526e-12 5.67317e-11
766	-2.02689e-08 -1.08898e-09
767	-2.02736e-08 -1.15905e-09
768	-2.44304e-11 -3.80798e-11
769	9.55161e-12 5.04995e-11
770	4.34527e-11 1.15317e-10
771	7.96416e-12 -9.0045e-11
772	1.52649e-11 7.0622e-11
773	-2.03094e-08 -1.24948e-09
774	-2.02799e-08 -1.17972e-09
775	-2.02727e-08 -1.22273e-09
776	-8.7671e-13 9.82653e-12
777	6.56536e-12 1.48684e-11
778	-2.02796e-08 -1.24189e-09
779	-1.47613e-11 -4.30625e-11
780	2.02879e-08 1.35014e-09
781	2.02766e-08 1.28346e-09
782	-3.46624e-11 -3.48653e-11
783	-2.50908e-12 2.11071e-11
784	1.79532e-12 4.26291e-14
785	3.6611e-12 1.15546e-11
786	-5.60294e-13 -7.60725e-11
787	2.02929e-08 1.40311e-09
788	-1.70309e-11 7.16349e-12
789	2.71127e-11 2.03025e-11
790	-3.85686e-11 -3.51139e-11
791	9.50739e-12 -1.1769e-10
792	-1.12745e-11 8.19071e-11
793	-7.37045e-12 -4.393e-12
794	1.46572e-11 -1.23965e-10
795	2.01011e-08 1.95976e-09
796	2.0257e-08 1.62207e-09
797	-3.21118e-11 -1.0676e-10
798	-1.01474e-11 2.00282e-10
799	1.88314e-11 5.67067e-11
800	1.39569e-10 -1.6298e-10
801	2.0043e-08 2.08105e-09
802	-4.91934e-11 1.29866e-11
803	5.21095e-11 1.27063e-10
804	-1.47259e-11 -4.83531e-11
805	1.332e-10 -1.43829e-10
806	1.98449e-08 2.23282e-09
807	-1.96815e-10 1.70065e-10
808	1.81017e-10 -2.27577e-10
809	-3.71774e-11 6.23923e-11
810	8.25046e-11 -1.33155e-10
811	1.03459e-10 -1.19117e-10
812	1.93632e-08 2.74341e-09
813	6.05523e-11 -7.98574e-11
814	3.71175e-11 -2.5075e-11
815	9.47485e-11 -9.83217e-11
816	1.9232e-08 2.85911e-09
817	-3.4167e-11 4.08614e-11
818	2.00619e-11 -6.97601e-11
819	4.22821e-12 6.45327e-11
820	1.9109e-08 2.951e-09
821	1.89271e-08 3.0764e-09
822	-1.31412e-10 1.35274e-10
823	4.50209e-11 -5.777e-11
824	-9.85124e-13 1.92382e-11
825	1.74813e-11 -1.81678e-11
826	4.47914e-11 -5.98195e-11
827	-1.0351e-11 4.27328e-12
828	-4.21099e-12 4.97137e-12
829	-9.55313e-12 2.06129e-11
830	1.57733e-10 -1.20593e-10
831	-2.81595e-11 -1.45801e-11
832	-5.3225e-11 6.53384e-11
833	-4.75279e-12 4.68063e-11
834	2.96428e-11 -4.74896e-11
835	1.90728e-10 -1.64531e-10
836	2.12749e-10 -2.47305e-10
837	-1.78859e-10 9.98314e-11
838	-2.9093e-11 5.35824e-11
839	2.24554e-10 -1.71567e-10
840	1.76979e-08 3.86442e-09
841	4.05608e-11 -7.75604e-11
842	4.02484e-11 3.88642e-11
843	-7.81952e-11 2.09003e-10
844	4.75252e-10 -2.46767e-10
845	1.73964e-08 4.01186e-09
846	6.20005e-10 -4.38368e-10
847	-1.31784e-10 1.25518e-10
848	1.28419e-10 -4.33281e-10
849	7.51497e-11 2.58842e-10
850	1.21404e-09 -5.05004e-10
851	2.22157e-10 -9.39973e-11
852	1.84963e-11 -1.37352e-10
853	1.65712e-09 -9.17447e-10
854	-9.546e-10 5.35928e-10
855	-6.69556e-10 5.07611e-10
856	2.74723e-09 -3.11455e-10
857	6.8422e-10 4.58107e-09
858	-2.58865e-09 1.67177e-09
859	3.85851e-09 -2.54148e-10
860	-1.63054e-09 1.71038e-09
861	3.99212e-10 -1.23251e-09
862	2.76151e-09 -6.82901e-10
863	9.85361e-10 2.60444e-10
864	-6.58928e-10 -4.60386e-10
865	4.18804e-09 -1.96539e-09
866	-1.82869e-09 1.14732e-09
867	-2.08974e-09 6.93939e-10
868	2.0252e-09 -1.90045e-09
869	2.51555e-09 -1.28102e-09
870	-6.25072e-09 3.16181e-09
871	2.63511e-09 -1.22913e-09
872	-7.74198e-10 6.34313e-10
873	-2.34809e-10 -1.80685e-09
874	-2.53692e-08 1.24735e-09
875	-8.03609e-10 -3.78638e-09
876	-3.43106e-11 2.09978e-10
877	-2.18891e-09 2.36042e-09
878	1.52551e-09 5.56829e-11
879	-4.46148e-10 -8.16468e-10
880	-6.589e-10 -1.37573e-09
881	1.57721e-09 8.80178e-10
882	-1.23952e-10 6.35717e-11
883	-2.50145e-08 3.09759e-09
884	-3.24356e-10 -1.81416e-10
885	-2.23619e-10 5.98676e-11
886	1.75681e-09 1.16246e-09
887	5.27005e-10 -8.40458e-11
888	-2.10144e-10 1.58134e-10
889	-2.47902e-08 3.03769e-09
890	-1.17019e-10 6.29436e-11
891	3.16526e-10 -1.71704e-10
892	-1.94747e-10 2.48587e-10
893	-2.44883e-08 2.86194e-09
894	8.22512e-11 -6.27685e-11
895	7.69532e-13 -1.25838e-10
896	2.54432e-10 -2.61232e-10
897	-6.66011e-11 2.0789e-10
898	-2.41461e-08 1.71761e-09
899	-9.93408e-11 3.49774e-10
900	2.80972e-10 -2.93663e-10
901	-7.4706e-11 2.58445e-10
902	-3.38846e-11 6.9492e-11
903	1.86183e-11 -2.10918e-10
904	-2.40471e-08 1.49672e-09
905	-6.9228e-12 4.88221e-11
906	-4.15113e-11 -3.29013e-11
907	-2.04788e-11 3.08457e-11
908	-1.70829e-11 1.40542e-10
909	3.33762e-11 4.27214e-11
910	3.31192e-11 -7.83501e-11
911	-1.77975e-11 8.7824e-12
912	9.6998e-13 -3.74974e-11
913	-8.6438e-11 3.25283e-10
914	5.77121e-11 -1.01186e-10
915	-6.17806e-11 -7.99122e-11
916	6.22088e-12 1.02818e-10
917	-7.06731e-11 3.11979e-10
918	-2.68471e-11 5.12892e-10
919	1.62296e-10 -4.34762e-10
920	-1.71222e-11 3.40944e-10
921	-5.12236e-11 -1.00943e-10
922	-1.86197e-10 3.00869e-10
923	-2.31336e-08 -3.71867e-10
924	1.18428e-11 1.91149e-10
925	-4.77495e-11 1.03345e-10
926	-2.21599e-10 2.57571e-10
927	-2.28749e-08 -6.741e-10
928	1.65278e-10 -1.18304e-10
929	3.03953e-11 -1.28908e-10
930	-2.69269e-10 3.01688e-10
931	-2.25861e-08 -9.27954e-10
932	3.39952e-10 -3.92075e-10
933	-3.71471e-10 4.64565e-10
934	1.2729e-10 -3.32127e-10
935	-1.56277e-10 1.21684e-10
936	-1.59641e-10 2.16997e-10
937	-1.12971e-10 1.59818e-10
938	-9.74827e-11 -6.91796e-11
939	-1.75675e-10 1.4511e-10
940	-2.08641e-08 -2.54647e-09
941	3.79277e-11 -6.05665e-11
942	-5.37513e-11 1.42214e-10
943	-9.25865e-11 -2.0468e-10
944	-2.06352e-08 -2.66599e-09
945	-2.03164e-08 -2.74545e-09
946	2.23302e-10 -1.96316e-10
947	-8.66593e-11 6.92257e-11
948	3.382e-12 -1.26675e-11
949	-3.50342e-11 3.15459e-11
950	-1.26479e-10 6.92414e-11
951	2.97149e-11 -9.64289e-12
952	-1.47496e-11 2.19634e-11
953	1.86217e-11 -1.75577e-11
954	-3.31606e-10 1.22435e-10
955	9.0401e-11 -4.43593e-12
956	1.55466e-10 -8.38598e-11
957	1.80315e-11 -5.62618e-11
958	-1.69295e-10 2.16551e-10
959	-6.23064e-10 2.2677e-10
960	-6.78046e-10 4.26829e-10
961	4.2419e-10 -1.32953e-10
962	-7.10382e-11 4.40644e-11
963	-7.41549e-10 2.23905e-10
964	-1.72684e-08 -3.20704e-09
965	-5.02463e-11 1.88646e-10
966	2.30036e-10 -2.58741e-10
967	-1.3535e-09 4.16412e-10
968	-1.63824e-08 -3.26414e-09
969	-1.81586e-09 8.71119e-10
970	6.9414e-10 -6.13476e-11
971	-5.35213e-10 -1.76308e-10
972	6.05279e-10 -6.73001e-10
973	-1.83583e-09 7.61421e-10
974	-4.76817e-10 4.08872e-10
975	2.1923e-10 -9.80052e-10
976	-1.99922e-09 1.95951e-09
977	-2.63414e-09 7.9797e-10
978	1.3592e-09 -5.18263e-10
979	-1.11312e-09 6.42667e-10
980	-1.58165e-09 1.58269e-09
981	4.09267e-09 -1.45655e-09
982	-1.36884e-09 6.24472e-10
983	2.2828e-10 -8.21615e-10
984	-1.88705e-09 3.46396e-09
985	-2.83102e-09 5.78321e-09
986	1.35799e-09 -2.09496e-09
987	5.07586e-10 -2.9767e-09
988	-4.86237e-10 4.04622e-10
989	-1.05688e-09 1.16367e-09
990	-6.13917e-10 2.15321e-09
991	6.47819e-11 -3.26493e-09
992	-9.65566e-11 7.21686e-10
993	-1.22285e-09 -3.90003e-10
994	1.3502e-08 -4.07807e-09
995	5.56698e-10 7.3861e-10
996	2.27862e-10 -4.49393e-10
997	-7.35869e-10 -2.74435e-10
998	1.49072e-08 -3.48387e-09
999	-1.19434e-09 -9.47334e-11
1000	1.86019e-09 9.18489e-10
1001	-3.77419e-10 3.58553e-11
1002	7.88602e-10 -1.81974e-10
1003	-2.93627e-10 -2.09827e-10
1004	-4.19796e-10 -4.02279e-11
1005	1.01076e-10 2.11734e-11
1006	-3.94305e-11 -2.06178e-10
1007	2.01035e-08 -3.31559e-10
1008	-1.04356e-10 6.21701e-11
1009	-8.38075e-11 -3.08897e-10
1010	2.70957e-10 -1.19732e-12
1011	2.98922e-11 4.80472e-11
1012	-3.40436e-11 -1.48604e-10
1013	2.03075e-08 6.90619e-10
1014	-3.98574e-11 -1.16342e-10
1015	7.91224e-11 7.52685e-11
1016	8.6562e-12 -1.0755e-10
1017	2.03208e-08 8.62501e-10
1018	-2.44773e-12 2.27603e-11
1019	1.38402e-11 6.16114e-12
1020	1.2071e-10 9.38617e-11
1021	-1.48816e-11 -6.07552e-11
1022	2.02927e-08 9.8644e-10
1023	-5.76518e-11 -1.40103e-10
1024	-1.30564e-11 1.28201e-10
1025	-2.39853e-11 -7.89802e-11
1026	-6.77618e-12 -1.65613e-11
1027	2.08118e-11 5.05808e-11
1028	-8.49604e-12 -1.72892e-11
1029	1.55817e-11 8.25598e-12
1030	1.01515e-12 -8.75744e-12
1031	7.08156e-12 -1.01484e-12
1032	-9.14828e-12 -2.76659e-12
1033	-7.41423e-12 -2.59583e-12
1034	1.36557e-11 4.65162e-12
1035	-4.49737e-13 2.2607e-12
1036	-1.40934e-11 1.25607e-12
1037	-1.06421e-12 -1.09532e-12
1038	4.63069e-12 1.6195e-12
1039	3.80647e-12 -1.21566e-12
1040	1.25262e-12 5.27596e-13
1041	7.66406e-12 2.74649e-11
1042	1.54442e-12 6.865e-12
1043	-5.84549e-12 -1.0408e-11
1044	2.29769e-12 -8.77432e-12
1045	9.54599e-12 1.93005e-11
1046	4.52138e-12 2.00048e-12
1047	-9.32046e-12 -4.89838e-12
1048	-5.18928e-13 -3.05723e-12
1049	-2.30784e-11 7.50056e-12
1050	-3.05712e-11 -2.82763e-11
1051	5.72116e-12 -1.00985e-11
1052	1.56682e-11 2.74975e-11
1053	1.64504e-11 1.43664e-11
1054	-5.01007e-12 -2.03598e-11
1055	-1.25758e-11 4.71042e-12
1056	3.80539e-11 7.59833e-12
1057	-9.59543e-13 1.1381e-11
1058	-4.41069e-12 6.41775e-12
1059	-4.79253e-12 -4.47406e-11
1060	2.76765e-12 -1.88808e-11
1061	-3.85967e-13 3.69627e-11
1062	-5.6627e-12 1.03052e-11
1063	-8.18099e-12 -3.91167e-11
1064	-3.36689e-12 2.37709e-12
1065	1.40906e-11 2.03482e-11
1066	2.95586e-12 1.63542e-11
1067	-4.87678e-13 1.98488e-12
1068	-1.29794e-11 3.61111e-12
1069	-4.56342e-12 1.40549e-12
1070	9.12464e-13 -6.05671e-13
1071	2.45416e-13 -7.64365e-13
1072	6.91333e-13 -4.79123e-13
1073	4.23101e-14 -6.52627e-13
1074	-1.50027e-12 2.02956e-12
1075	-4.80181e-12 -1.90113e-12
1076	-3.27888e-11 -1.49173e-12
1077	-8.47994e-13 -7.98903e-14
1078	1.5206e-12 -1.87155e-12
1079	-5.95464e-13 8.75068e-13
1080	4.75998e-13 2.77076e-12
1081	-1.91115e-12 4.25281e-12
1082	-1.69389e-11 -3.83191e-13
1083	5.37619e-13 -1.55316e-12
1084	-1.04295e-13 2.3535e-12
1085	-1.12925e-12 3.05793e-12
1086	-5.01661e-12 8.10445e-12
1087	3.2801e-12 -1.38722e-12
1088	5.44126e-13 -6.7856e-13
1089	3.17306e-12 -4.97313e-12
1090	-7.36259e-13 1.69079e-12
1091	-1.51275e-12 5.52669e-12
1092	2.72759e-11 2.25464e-12
1093	-2.53536e-11 -8.43368e-12
1094	8.66285e-12 -8.46673e-12
1095	-6.04752e-12 1.02944e-11
1096	4.78525e-12 -2.49935e-12
1097	-3.83908e-12 7.72136e-13
1098	2.17479e-12 -3.22033e-12
1099	7.29239e-13 2.63438e-12
1100	-2.54854e-12 -4.91884e-12
1101	1.57118e-12 7.09321e-14
1102	-3.39224e-12 2.30897e-12
1103	1.20984e-11 2.124e-11
1104	-2.29647e-11 -2.16005e-11
1105	-3.49518e-12 3.80061e-12
1106	1.04008e-11 -1.64643e-12
1107	1.07472e-12 -3.2808e-14
1108	-3.80533e-12 1.23895e-12
1109	-2.35525e-11 -5.01512e-12
1110	2.26484e-12 9.77029e-12
1111	3.32106e-13 2.10758e-13
1112	2.34352e-12 1.45379e-12
1113	-4.35172e-12 -2.75342e-12
1114	-4.45098e-12 1.20128e-11
1115	-2.97357e-12 4.72207e-12
1116	4.05431e-12 -7.09429e-13
1117	-1.28832e-12 3.41035e-13
1118	-6.29096e-13 -1.03972e-12
1119	-4.17261e-13 6.20877e-13
1120	-2.08974e-12 -6.80382e-13
1121	-8.43318e-12 9.22731e-12
1122	-1.01926e-12 4.62881e-12
1123	-6.07828e-13 -2.0712e-12
1124	1.43495e-12 -7.12238e-13
1125	1.20448e-13 9.95884e-13
1126	3.83004e-13 -3.76554e-13
1127	-2.08225e-12 -1.68946e-12
1128	-5.16094e-12 1.86243e-11
1129	-4.39643e-11 -8.37283e-12
1130	3.07371e-13 -4.24667e-13
1131	6.82909e-14 4.88927e-13
1132	-8.81889e-13 6.8264e-13
1133	3.64461e-12 -2.01695e-12
1134	-7.95106e-11 -5.23106e-11
1135	-3.23501e-11 5.76004e-12
1136	9.52589e-12 -1.04611e-11
1137	-7.13785e-14 -5.3673e-13
1138	-5.00866e-12 2.37734e-12
1139	-2.75592e-11 1.97686e-11
1140	-6.53045e-11 -3.70906e-11
1141	2.02765e-11 -4.19286e-12
1142	-6.36527e-12 6.19441e-12
1143	-1.75947e-11 -2.114e-12
1144	-2.503e-11 8.18355e-11
1145	3.26169e-11 -3.87972e-11
1146	5.0107e-11 1.13396e-10
1147	8.03985e-11 1.04842e-11
1148	2.69479e-10 7.77573e-11
1149	-5.68103e-11 -5.73387e-11
1150	-3.92426e-10 -1.22621e-10
1151	-1.43918e-11 -6.72259e-10
1152	1.31978e-10 -2.93102e-11
1153	4.59745e-11 1.05897e-10
1154	2.61003e-10 1.0926e-10
1155	1.35591e-11 -3.41513e-10
1156	8.91243e-10 -3.43602e-10
1157	1.82606e-09 -2.39921e-09
1158	3.41849e-10 4.35092e-10
1159	-2.52841e-10 -3.84605e-10
1160	-5.85467e-11 1.82411e-10
1161	-1.26668e-10 -1.87391e-11
1162	8.30574e-10 2.17349e-11
1163	1.57225e-09 -1.93358e-09
1164	-7.60581e-10 -4.23673e-10
1165	1.43885e-10 1.03393e-10
1166	6.58505e-10 -4.91245e-10
1167	-2.1759e-10 -1.9102e-09
1168	1.57192e-09 -1.89366e-09
1169	1.13387e-09 8.09268e-11
1170	-1.35877e-09 -1.68915e-09
1171	-8.94156e-11 2.52801e-10
1172	2.90379e-10 -2.46468e-10
1173	1.10003e-10 -1.39777e-09
1174	-8.20681e-11 -1.53089e-10
1175	-1.26982e-10 4.94919e-10
1176	2.24295e-10 9.79883e-11
1177	1.16525e-09 -1.1375e-09
1178	-1.4033e-09 -1.89472e-09
1179	-3.20679e-10 -1.8834e-09
1180	-4.74438e-10 -8.57562e-10
1181	2.43208e-09 -5.63005e-10
1182	-2.30474e-09 1.84328e-09
1183	3.13588e-10 6.19349e-10
1184	-1.59634e-09 -4.20335e-10
1185	-5.64998e-10 1.69594e-09
1186	-4.30195e-10 -2.4751e-09
1187	-3.79377e-09 2.69888e-09
1188	3.44367e-10 3.94014e-10
1189	2.52502e-10 5.76239e-12
1190	-1.63136e-09 -6.9309e-10
1191	8.85981e-11 5.21967e-10
1192	-1.39938e-11 1.5422e-10
1193	-2.28381e-10 -2.75214e-11
1194	-1.35235e-09 -5.91503e-10
1195	-1.07014e-09 1.3326e-10
1196	9.45505e-11 1.55211e-10
1197	-2.98493e-10 -1.158e-10
1198	-3.59602e-10 -1.76392e-11
1199	2.33266e-10 -2.09259e-10
1200	-9.06913e-11 6.33753e-11
1201	-4.49374e-10 3.99734e-10
1202	-1.02031e-10 -5.55847e-12
1203	1.83997e-11 -1.38218e-10
1204	2.64201e-11 1.49475e-11
1205	6.92035e-11 1.90996e-10
1206	-1.39959e-10 3.97147e-10
1207	-2.62358e-11 -1.89037e-11
1208	7.23863e-12 3.2809e-11
1209	-4.07904e-11 -3.4603e-11
1210	1.17166e-11 -4.81454e-13
1211	8.72438e-11 4.46336e-11
1212	7.03338e-11 7.48776e-11
1213	-4.24898e-11 -1.69252e-11
1214	8.84924e-12 1.83934e-12
1215	-1.74659e-12 -9.09583e-12
1216	-6.56553e-13 3.11235e-12
1217	4.72748e-11 -8.37994e-12
1218	2.29718e-11 -5.99646e-12
1219	4.84396e-16 2.02023e-12
1220	3.43099e-12 -1.13855e-12
1221	-9.58793e-13 1.19005e-12
1222	1.28638e-12 -1.51443e-12
1223	6.54548e-12 -2.65196e-12
1224	4.27804e-11 -2.51672e-11
1225	1.36832e-11 -1.10498e-11
1226	-6.13577e-12 2.70594e-13
1227	-3.52849e-12 1.65161e-12
1228	-1.5379e-12 -7.48225e-13
1229	2.617e-13 2.45225e-12
1230	-6.09815e-12 -7.10551e-12
1231	1.83057e-11 -3.22591e-11
1232	7.74353e-11 -7.30503e-12
1233	-1.83756e-11 -1.13033e-11
1234	-1.06675e-11 2.08948e-13
1235	-2.59991e-13 -5.46808e-12
1236	2.0415e-11 7.82003e-12
1237	1.01703e-12 -5.37718e-12
1238	4.66527e-11 4.62436e-12
1239	-8.92654e-12 -9.16316e-12
1240	-8.51043e-12 -1.41532e-12
1241	-3.47927e-12 -5.54217e-13
1242	9.62016e-12 9.27746e-12
1243	1.67904e-11 -9.45563e-12
1244	1.63335e-10 1.40636e-10
1245	-2.23452e-12 8.12181e-12
1246	-6.47112e-12 -2.17691e-12
1247	6.3291e-13 -2.376e-13
1248	6.6924e-12 -2.51997e-12
1249	6.1434e-11 6.58775e-11
1250	8.94647e-11 1.12999e-10
1251	-1.94991e-11 7.45843e-12
1252	1.10667e-11 -1.13107e-11
1253	-6.15269e-12 6.4111e-12
1254	1.01059e-11 -1.03123e-11
1255	7.04084e-11 6.42087e-11
1256	-4.83085e-12 -4.76777e-12
1257	1.44924e-12 1.02203e-11
1258	-7.32598e-12 6.56472e-12
1259	6.94244e-12 -7.71598e-12
1260	2.85875e-11 1.88532e-11
1261	7.69206e-12 -1.21918e-11
1262	-2.41672e-11 1.23738e-11
1263	-3.18151e-12 2.37462e-12
1264	8.23549e-12 -6.54043e-13
1265	4.20099e-11 3.31743e-12
1266	-2.01515e-11 -1.68123e-11
1267	-3.39668e-13 -3.29239e-12
1268	-2.91061e-12 1.59629e-12
1269	5.71914e-12 -2.71056e-13
1270	1.01085e-11 -3.3669e-11
1271	6.43754e-12 -1.12148e-11
1272	-8.31664e-12 -2.95801e-12
1273	1.26402e-12 1.74778e-12
1274	7.4031e-12 8.33211e-13
1275	2.37753e-12 -1.56073e-12
1276	4.44848e-14 4.09764e-12
1277	1.81827e-11 -2.81066e-11
1278	1.4304e-12 -1.35373e-11
1279	-8.97527e-12 9.88105e-12
1280	-4.79447e-12 1.1786e-13
1281	7.68608e-12 -2.4566e-12
1282	-3.37165e-13 -1.09067e-12
1283	5.53116e-12 -5.03446e-12
1284	2.90446e-11 -5.67922e-11
1285	1.66421e-10 5.55834e-11
1286	-9.98449e-12 5.8078e-12
1287	6.79927e-12 6.99609e-12
1288	1.46648e-11 7.1221e-13
1289	-5.08202e-12 -4.57432e-12
1290	1.57424e-10 -3.7809e-12
1291	1.64061e-11 -1.29301e-11
1292	-1.93215e-11 1.03983e-11
1293	4.95676e-13 4.43547e-12
1294	-4.476e-11 -4.5147e-12
1295	2.05336e-10 3.8646e-10
1296	1.51827e-10 -3.61604e-11
1297	8.01548e-12 1.01496e-13
1298	1.70278e-11 1.66422e-11
1299	8.66441e-11 5.38388e-11
1300	2.96275e-10 2.88167e-10
1301	4.86816e-11 2.18512e-10
1302	5.2519e-11 4.20971e-12
1303	-2.26455e-10 -2.60919e-10
1304	-6.59651e-11 1.38385e-10
1305	-2.82742e-11 3.58049e-10
1306	7.58911e-11 1.30186e-10
1307	-4.382e-11 1.59905e-11
1308	2.33902e-10 -2.78383e-10
1309	-3.24918e-10 4.81173e-10
1310	-2.52082e-10 4.25269e-10
1311	1.00031e-10 -5.26147e-10
1312	-4.51264e-10 9.74568e-10
1313	2.48636e-10 -3.94187e-10
1314	-2.46692e-10 5.33371e-10
1315	-3.1511e-11 -1.86575e-10
1316	7.14805e-11 -4.08511e-11
1317	6.34653e-10 -7.04163e-10
1318	-4.66366e-10 -6.06834e-11
1319	4.1779e-10 4.41141e-10
1320	-3.09732e-10 -6.17348e-10
1321	1.7386e-10 -3.22561e-10
1322	7.55685e-10 8.18234e-10
1323	-2.57091e-10 -7.06425e-10
1324	-8.57808e-10 9.88709e-10
1325	6.91948e-10 -3.51015e-10
1326	1.0518e-09 -7.94978e-10
1327	-1.80515e-10 8.14492e-11
1328	7.58909e-11 4.66016e-10
1329	-2.85182e-10 1.69763e-09
1330	-4.41664e-10 -5.3136e-11
1331	1.19595e-09 5.82346e-10
1332	6.69314e-10 8.32169e-10
1333	-1.85334e-10 -3.45527e-10
1334	-1.3462e-10 8.82935e-10
1335	-9.67011e-11 1.72932e-10
1336	3.60074e-10 3.19059e-10
1337	1.09765e-10 5.47329e-11
1338	1.50656e-10 1.69422e-10
1339	5.61831e-10 4.57785e-10
1340	1.34023e-10 4.44922e-11
1341	-5.62423e-11 9.56375e-10
1342	-9.1821e-11 -5.30421e-10
1343	-2.06798e-10 3.18564e-10
1344	1.92169e-10 -3.86763e-10
1345	6.57423e-11 -2.75108e-11
1346	-1.60864e-11 -1.27999e-10
1347	1.46018e-12 -4.44626e-11
1348	5.62398e-11 -4.11991e-13
1349	-6.75614e-11 1.34981e-10
1350	2.29757e-12 1.71076e-11
1351	-5.12181e-11 -4.15864e-11
1352	3.37122e-12 9.93181e-12
1353	7.17531e-12 4.11704e-11
1354	-7.58342e-11 4.70499e-11
1355	-1.38184e-12 -7.30925e-11
1356	-2.9133e-12 1.34565e-11
1357	-4.13477e-11 -6.34401e-11
1358	3.68663e-12 1.7907e-11
1359	9.1867e-12 -2.97304e-11
1360	-3.35906e-12 -1.32795e-12
1361	-2.6804e-11 -1.88577e-11
1362	-1.88464e-11 -7.34074e-11
1363	8.23115e-12 3.67347e-12
1364	-6.45292e-12 -3.19033e-12
1365	1.4583e-11 -1.04331e-11
1366	-4.75552e-13 2.54022e-14
1367	-2.12103e-11 -5.46652e-12
1368	-9.91329e-12 -1.32158e-11
1369	1.22242e-11 1.80145e-12
1370	1.95392e-12 1.01202e-12
1371	3.10551e-12 4.14067e-12
1372	-8.7514e-12 -6.60009e-13
1373	-1.01478e-11 4.80897e-13
1374	-5.37832e-12 9.256e-13
1375	7.71802e-13 -4.97916e-13
1376	-4.43922e-13 -5.92779e-14
1377	1.09256e-12 7.03453e-13
1378	1.93954e-13 1.90067e-13
1379	2.02036e-13 -1.41029e-13
1380	1.93755e-13 4.88095e-13
1381	7.05852e-14 8.13974e-14
1382	-2.73613e-13 -1.41086e-13
1383	-1.33181e-13 -1.41634e-14
1384	-1.65393e-14 6.93073e-13
1385	2.74258e-13 1.58634e-13
1386	-5.08777e-13 -5.85808e-13
1387	2.60959e-14 -1.02522e-13
1388	-2.2356e-14 -1.46654e-13
1389	2.48359e-13 1.47257e-13
1390	-1.85882e-13 -1.37468e-13
1391	1.95576e-13 3.67257e-13
1392	-2.21517e-14 2.45433e-13
1393	3.15914e-13 3.71639e-13
1394	-3.79688e-14 -1.32983e-13
1395	-1.36386e-13 2.9264e-13
1396	-1.8427e-13 -4.91369e-14
1397	-1.44725e-13 4.28238e-13
1398	-4.676e-14 8.99325e-13
1399	5.4331e-14 6.64385e-13
1400	6.80751e-13 -5.65165e-13
1401	-1.09025e-13 -6.03725e-13
1402	-6.72726e-14 4.08782e-13
1403	-2.74491e-13 2.60952e-13
1404	1.63812e-12 4.0818e-14
1405	-6.09719e-14 1.24736e-13
1406	-1.67935e-13 -2.38644e-13
1407	2.85076e-12 1.71583e-13
1408	1.46701e-12 8.25574e-13
1409	-2.83274e-12 -1.89151e-12
1410	4.40368e-13 5.80763e-14
1411	2.01904e-12 1.50334e-13
1412	4.69644e-13 -1.17464e-13
1413	-2.45916e-12 -1.6228e-12
1414	-5.62864e-13 -2.11712e-14
1415	1.3533e-12 1.35623e-12
1416	-2.15732e-12 -3.54807e-13
1417	-9.1273e-13 7.7772e-13
1418	2.88831e-12 4.40822e-12
1419	-6.22285e-13 -2.35576e-13
1420	5.19709e-13 -9.92081e-13
1421	-2.31613e-12 -3.29384e-12
1422	-1.45844e-12 -4.87217e-12
1423	3.44082e-12 2.87966e-12
1424	6.9213e-13 9.05457e-13
1425	-6.14081e-14 -3.26805e-12
1426	2.06373e-13 1.49616e-12
1427	1.75595e-12 2.55859e-13
1428	5.15052e-13 -9.7218e-13
1429	3.02345e-12 -3.71665e-14
1430	-2.34385e-13 1.27462e-12
1431	1.05088e-12 -2.65551e-12
1432	-1.92252e-12 6.9147e-13
1433	1.32715e-12 2.33818e-12
1434	-7.29949e-12 -2.414e-12
1435	2.1827e-12 -1.84254e-12
1436	-1.93956e-12 8.53367e-14
1437	-4.25302e-12 -3.10912e-13
1438	9.16651e-12 3.069e-12
1439	-3.56798e-12 -4.11639e-12
1440	-1.55917e-12 2.83483e-13
1441	2.03749e-12 2.37666e-12
1442	-2.40931e-12 -1.23938e-12
1443	8.11305e-14 -1.39694e-12
1444	-1.054e-12 -5.7e-12
1445	5.095e-12 1.63775e-12
1446	4.55759e-13 2.97807e-12
1447	-2.76471e-12 6.2585e-14
1448	-6.00566e-13 1.8768e-13
1449	1.41432e-12 3.24877e-12
1450	1.21364e-12 -7.95566e-13
1451	3.73408e-13 -5.81499e-13
1452	-1.35005e-12 3.3612e-13
1453	-1.06299e-13 3.24435e-13
1454	5.91175e-14 -1.94455e-13
1455	-2.59218e-12 3.95759e-12
1456	-3.23839e-12 -1.55804e-12
1457	-1.87021e-12 -2.12182e-13
1458	4.9072e-12 -8.91792e-13
1459	-2.91292e-14 4.8322e-13
1460	7.43851e-12 -1.47233e-11
1461	-2.4644e-11 -1.1742e-11
1462	-6.86129e-12 -5.04847e-12
1463	1.86227e-12 -5.62369e-12
1464	1.66339e-11 7.48196e-12
1465	4.17894e-11 4.28389e-11
1466	3.95924e-12 -1.98719e-11
1467	-7.23437e-12 -1.38636e-11
1468	-5.3484e-11 1.94782e-10
1469	-2.25149e-10 7.33938e-11
1470	-5.08805e-11 3.47924e-12
1471	-2.49999e-11 5.84175e-11
1472	8.40901e-11 -1.41814e-10
1473	-4.89171e-10 -2.13042e-10
1474	-6.96714e-11 -1.49941e-10
1475	1.06312e-10 2.61505e-10
1476	-4.18921e-10 -1.05502e-09
1477	4.60118e-10 -3.10401e-10
1478	-7.40534e-11 1.3193e-09
1479	-4.75946e-10 -4.10041e-11
1480	2.6389e-09 2.26762e-09
1481	9.57791e-10 8.86689e-11
1482	-4.68426e-10 3.0404e-10
1483	-1.31031e-09 3.24421e-09
1484	-9.77782e-10 -1.17252e-09
1485	4.74808e-10 -5.43207e-10
1486	6.22087e-11 -7.52568e-11
1487	-4.07307e-10 -6.83111e-10
1488	-1.79022e-10 -1.37407e-10
1489	1.31399e-09 2.67145e-10
1490	-1.94857e-10 -1.69568e-09
1491	-4.26563e-10 1.79299e-10
1492	-1.0792e-09 -4.01337e-10
1493	1.37267e-10 -3.31304e-09
1494	-1.88529e-09 -2.4666e-09
1495	-9.62948e-10 -9.48026e-10
1496	1.88524e-09 2.0701e-09
1497	2.06087e-10 -7.6239e-10
1498	-1.37821e-09 -1.16481e-09
1499	3.54131e-09 1.43727e-11
1500	1.88878e-09 2.56343e-09
1501	-1.70111e-10 -1.08481e-10
1502	4.79085e-11 9.14568e-11
1503	1.75424e-10 -6.32293e-10
1504	6.25141e-11 1.08425e-10
1505	3.76188e-10 -1.70027e-11
1506	-1.16551e-10 8.52621e-11
1507	-9.05804e-11 -1.11033e-10
1508	2.20601e-11 2.22104e-10
1509	6.7424e-11 -6.70914e-13
1510	-1.24697e-10 3.86775e-11
1511	6.94329e-11 4.37925e-11
1512	5.18487e-12 1.74533e-11
1513	-2.89341e-11 -4.77853e-12
1514	-1.17328e-10 6.20547e-11
1515	1.89071e-12 -2.39908e-11
1516	7.57339e-13 -8.94709e-12
1517	-9.7821e-13 3.21843e-13
1518	-6.15866e-12 1.61172e-11
1519	3.58755e-11 6.87999e-12
1520	-3.31598e-11 -3.65551e-11
1521	6.53457e-12 -1.30134e-11
1522	1.69102e-12 2.03049e-12
1523	-2.8576e-14 -1.91324e-13
1524	-4.45863e-13 -2.44418e-12
1525	1.54789e-12 4.76444e-12
1526	1.25088e-12 4.14837e-12
1527	1.6096e-13 -2.67463e-13
1528	3.04019e-12 -9.90282e-12
1529	7.8134e-14 -3.11012e-12
1530	-7.22736e-12 1.86439e-12
1531	-5.116e-12 -6.40227e-13
1532	-1.70371e-11 -8.98455e-12
1533	1.47214e-11 2.85939e-12
1534	-7.00179e-12 2.21822e-12
1535	-8.03322e-12 -9.6357e-12
1536	-1.17206e-11 -7.60629e-12
1537	1.64512e-11 3.08779e-11
1538	-1.43491e-12 2.02516e-12
1539	-2.95174e-12 2.04228e-12
1540	1.03052e-11 -6.13674e-13
1541	-4.58307e-12 1.62161e-12
1542	1.36252e-12 -4.46434e-12
1543	-5.16766e-13 -4.48361e-12
1544	1.00647e-11 -1.11962e-11
1545	-1.99787e-14 5.55322e-12
1546	-1.50036e-12 -2.06549e-12
1547	2.35892e-12 -7.45947e-12
1548	-4.13506e-12 1.01855e-11
1549	8.44922e-13 -1.17185e-12
1550	-2.53597e-13 -2.24178e-13
1551	-2.67087e-13 -2.10907e-12
1552	-3.99877e-13 -3.19933e-13
1553	3.34443e-14 2.58683e-13
1554	1.85251e-12 2.59513e-12
1555	-2.57953e-12 3.28245e-13
1556	-1.14871e-12 -1.02028e-12
1557	1.09795e-12 -1.24341e-12
1558	5.34003e-14 -1.74931e-13
1559	-1.21371e-12 -8.21038e-13
1560	-2.84729e-13 7.30615e-13
1561	2.01183e-13 -5.93793e-12
1562	1.78954e-13 3.15817e-12
1563	6.55531e-13 6.64016e-13
1564	-6.019e-13 1.13012e-12
1565	1.34025e-11 2.57726e-11
1566	-1.40338e-11 1.26133e-11
1567	-2.10107e-11 1.30507e-11
1568	6.96519e-12 -3.00933e-11
1569	-4.32489e-12 1.98866e-12
1570	-1.17313e-10 -2.72352e-11
1571	-1.06568e-11 -2.32514e-11
1572	-1.33237e-10 1.06485e-10
1573	7.63892e-11 -1.45248e-11
1574	6.7216e-11 5.82101e-11
1575	1.88175e-10 5.93962e-10
1576	1.88046e-10 1.43525e-11
1577	-2.75326e-10 1.59709e-11
1578	3.12599e-10 1.63282e-10
1579	-9.82959e-11 4.99108e-10
1580	3.19208e-10 6.40595e-10
1581	-1.99262e-10 -5.24048e-10
1582	5.69512e-10 1.34432e-10
1583	-5.58729e-10 -3.03664e-10
1584	3.87144e-10 1.96972e-10
1585	-5.46493e-10 1.11962e-09
1586	-1.3911e-09 -6.66821e-10
1587	2.23151e-10 4.22117e-10
1588	3.14426e-10 -6.67579e-10
1589	9.72707e-10 1.27011e-09
1590	1.22503e-09 6.79425e-10
1591	1.59217e-09 -1.22119e-09
1592	-2.55591e-09 -2.18124e-09
1593	-6.2651e-10 7.74855e-10
1594	6.41657e-10 -8.7811e-10
1595	5.32113e-10 5.14572e-10
1596	-2.8471e-09 7.21714e-10
1597	6.45332e-10 9.1118e-10
1598	2.44375e-10 2.26593e-10
1599	7.49146e-10 -2.17972e-09
1600	-6.20484e-10 -4.98399e-10
1601	-1.63e-10 8.22528e-10
1602	1.1433e-10 -2.9917e-10
1603	-8.76975e-10 -5.23741e-10
1604	4.10819e-10 3.60604e-10
1605	-1.879e-10 -5.69164e-11
1606	-2.15089e-10 1.02197e-10
1607	-3.12912e-11 6.75369e-10
1608	-9.6881e-12 -7.36678e-10
1609	-2.29498e-10 1.10234e-10
1610	3.83097e-11 4.1816e-11
1611	8.57487e-11 -9.67205e-11
1612	-5.6866e-13 9.55629e-11
1613	-1.17966e-10 -5.92526e-11
1614	1.57694e-11 1.29419e-11
1615	-8.35322e-12 7.63396e-12
1616	-1.59144e-11 1.56801e-11
1617	1.346e-11 3.37779e-11
1618	1.30537e-11 -8.65313e-12
1619	-1.15799e-11 2.57277e-11
1620	8.57198e-12 -5.59601e-12
1621	6.86775e-12 -2.48283e-12
1622	8.19804e-12 1.44395e-11
1623	-6.23848e-12 3.42096e-11
1624	-1.2427e-11 -3.68698e-12
1625	-5.55073e-12 1.42595e-12
1626	3.23958e-13 -1.26959e-12
1627	1.53206e-11 -3.08729e-12
1628	-5.43194e-12 -1.2822e-11
1629	-2.35535e-11 7.49508e-12
1630	-9.64089e-12 -1.24351e-12
1631	-2.2044e-13 -2.36689e-12
1632	-3.02728e-13 1.79543e-13
1633	-1.39375e-12 8.31723e-13
1634	1.12605e-09 4.22388e-10
1635	-3.4192e-10 1.96484e-10
1636	-1.01666e-09 -9.27242e-10
1637	1.28959e-10 1.16659e-10
1638	-1.40755e-10 1.07073e-10
1639	7.50304e-10 5.85131e-10
1640	2.27343e-10 -1.14694e-10
1641	4.68155e-10 8.04411e-10
1642	7.99133e-10 -1.12563e-09
1643	1.20834e-09 8.02006e-11
1644	1.00736e-10 3.26267e-10
1645	-1.05495e-10 3.79997e-11
1646	-1.93288e-10 1.03291e-10
1647	-3.99622e-10 -5.11074e-11
1648	-5.23914e-10 -4.14845e-12
1649	-1.44057e-09 8.24184e-10
1650	2.51726e-10 1.05628e-09
1651	7.52057e-10 -6.23621e-10
1652	-1.94773e-10 -1.37416e-09
1653	-6.66067e-10 -3.28302e-10
1654	-2.59229e-10 7.08909e-10
1655	-4.16911e-10 -2.25899e-10
1656	-2.09222e-09 2.5337e-10
1657	-5.31738e-10 6.81617e-10
1658	2.06852e-09 5.78515e-10
1659	-4.77102e-11 2.28953e-10
1660	5.88155e-11 -2.13366e-10
1661	3.27212e-10 -4.01408e-10
1662	-8.39612e-11 3.17956e-10
1663	-2.17544e-11 3.30364e-11
1664	-2.58834e-11 3.29495e-11
1665	-4.19323e-12 -6.59741e-11
1666	7.5837e-11 3.00601e-11
1667	-9.41684e-11 5.57512e-12
1668	3.1702e-11 -6.59814e-11
1669	-2.85097e-11 -7.75802e-11
1670	1.23251e-11 -2.5207e-12
1671	3.73546e-11 -8.01366e-11
1672	-7.33815e-11 -1.46626e-10
1673	2.74814e-11 1.44846e-11
1674	1.00418e-11 -1.6836e-11
1675	-5.50341e-11 -3.10664e-11
1676	5.52275e-12 -1.46137e-11
1677	1.3475e-11 1.00875e-11
1678	1.68256e-11 3.34521e-11
1679	6.01653e-11 -1.02558e-10
1680	-4.61535e-12 1.9322e-11
1681	8.78349e-12 -1.27971e-11
1682	-1.00395e-10 -8.08732e-11
1683	5.43806e-11 7.28771e-11
1684	1.42073e-11 1.39013e-11
1685	-1.3105e-11 -1.15295e-11
1686	-2.26223e-11 -2.19701e-11
1687	1.79267e-11 3.90126e-11
1688	5.70217e-12 -3.60379e-11
1689	-9.6494e-11 2.14479e-12
1690	8.88665e-11 -2.30924e-10
1691	1.92983e-10 -5.91428e-10
1692	-1.15124e-10 -1.4563e-11
1693	-8.09329e-11 -1.23037e-10
1694	-8.38829e-11 -2.92858e-11
1695	-5.03235e-11 1.98896e-10
1696	-3.31947e-11 -7.42964e-12
1697	-4.00637e-11 8.38984e-12
1698	-2.22354e-10 -3.18985e-10
1699	-7.28132e-11 -2.21899e-10
1700	-2.76487e-10 -5.08704e-10
1701	9.83121e-13 -3.40527e-10
1702	-5.91671e-10 1.98604e-10
1703	7.0709e-10 1.06854e-10
1704	1.20436e-10 -1.69734e-10
1705	2.89107e-10 1.29975e-10
1706	5.74467e-10 -6.99134e-12
1707	1.77293e-10 1.56909e-10
1708	-3.10915e-10 2.42813e-11
1709	1.95936e-09 4.33733e-10
1710	-1.95984e-10 8.05212e-11
1711	-2.52411e-10 2.72257e-10
1712	-4.98976e-10 -8.46639e-10
1713	-5.05509e-10 3.41913e-10
1714	-1.53134e-09 -1.66128e-10
1715	3.74688e-10 -1.10178e-09
1716	-8.12559e-10 3.01256e-09
1717	2.9021e-10 -2.21215e-10
1718	-1.58202e-10 -2.90325e-10
1719	1.48195e-10 3.56781e-10
1720	8.81707e-11 -1.19765e-10
1721	6.10271e-10 1.93492e-10
1722	9.03338e-10 -7.33228e-10
1723	7.14265e-10 1.30284e-10
1724	-7.45744e-10 -3.24348e-10
1725	-2.02254e-10 3.04228e-10
1726	1.61197e-10 -2.67086e-11
1727	5.32263e-10 2.54901e-11
1728	4.57824e-10 -1.4328e-10
1729	-1.07115e-12 -3.34527e-10
1730	4.61267e-10 -6.70125e-10
1731	1.74984e-09 5.68191e-11
1732	5.23924e-11 -7.51295e-10
1733	-7.27716e-11 3.62024e-10
1734	-4.03148e-10 8.06381e-11
1735	-1.51425e-10 5.58983e-11
1736	-1.98544e-10 -7.92526e-11
1737	-1.56947e-10 -2.36989e-10
1738	-4.15572e-10 -3.46182e-10
1739	-3.64059e-10 -1.38449e-10
1740	-3.31431e-10 -7.45304e-11
1741	-1.91878e-09 4.97673e-09
1742	-1.22755e-10 -1.3613e-09
1743	1.71307e-09 -2.45976e-09
1744	-3.72614e-10 -3.87399e-10
1745	1.27691e-09 1.05306e-09
1746	3.40645e-10 -1.41847e-10
1747	8.10146e-10 1.41399e-10
1748	6.40136e-10 -3.08842e-10
1749	1.8221e-10 -1.87266e-11
1750	9.5691e-10 5.69087e-10
1751	2.0992e-10 5.21979e-10
1752	-1.60783e-09 1.16008e-09
1753	1.6907e-09 -3.60573e-09
1754	-2.28811e-09 2.74722e-10
1755	9.83171e-12 9.52989e-11
1756	6.7092e-10 7.32213e-11
1757	-1.63781e-10 -1.49212e-10
1758	1.04497e-10 5.05027e-11
1759	-5.77738e-10 -3.86336e-10
1760	-4.48662e-10 9.09108e-11
1761	-3.95868e-10 2.11086e-09
1762	-1.16264e-11 7.9055e-10
1763	-1.61964e-09 6.47465e-10
1764	-3.96367e-11 1.83821e-10
1765	3.41978e-10 -2.49328e-11
1766	8.21121e-11 1.34854e-10
1767	1.19679e-11 -1.3705e-11
1768	1.34532e-09 -1.0578e-09
1769	-5.644e-11 7.62835e-11
1770	-5.83973e-10 5.95903e-10
1771	-1.04e-09 -5.5238e-10
1772	2.35298e-12 9.08853e-13
1773	-6.66586e-11 -4.22336e-12
1774	-1.9923e-11 8.65741e-12
1775	-5.42363e-12 2.68041e-12
1776	3.01469e-11 3.86152e-12
1777	-2.63541e-11 -2.54878e-11
1778	8.15648e-12 1.00825e-11
1779	7.08449e-11 1.45681e-10
1780	4.42219e-11 6.72212e-11
1781	3.14555e-10 -1.30889e-10
1782	-1.78835e-11 -3.70998e-11
1783	-7.1747e-11 -6.24804e-11
1784	7.67782e-12 -6.55002e-11
1785	-2.22942e-11 -4.0577e-11
1786	2.53008e-10 -2.56783e-10
1787	1.11115e-10 -1.32471e-10
1788	-1.79115e-11 -7.63693e-11
1789	-6.89027e-11 -2.67634e-10
1790	-2.38162e-10 -6.6162e-10
1791	1.92546e-10 -2.76633e-11
1792	6.01892e-10 1.11169e-11
1793	9.72099e-12 5.81555e-11
1794	6.70672e-11 -1.87583e-10
1795	-4.3194e-11 3.75152e-11
1796	-7.41998e-12 3.69599e-11
1797	1.74534e-11 -3.7512e-11
1798	-1.00413e-10 8.9485e-11
1799	-3.15496e-10 1.33398e-10
1800	5.13817e-10 1.00947e-09
1801	-1.70225e-10 -2.62847e-11
1802	-1.43153e-09 -3.01633e-10
1803	-9.20494e-12 -3.92653e-12
1804	-8.50871e-12 -6.61897e-12
1805	-1.26792e-11 -2.88132e-11
1806	-8.45739e-12 -1.47445e-11
1807	-1.12624e-11 8.41632e-12
1808	-1.00317e-11 1.61379e-11
1809	-4.61241e-11 5.03609e-11
1810	-1.96909e-10 1.27224e-10
1811	-1.72378e-11 2.57049e-11
1812	-1.276e-11 -1.26949e-11
1813	-9.80452e-13 -2.7692e-12
1814	1.03996e-11 1.37969e-11
1815	3.16752e-12 1.97428e-12
1816	-3.9692e-12 2.54632e-12
1817	1.87833e-11 -3.50241e-13
1818	5.91292e-12 6.17008e-13
1819	2.2659e-11 3.8928e-11
1820	-1.37084e-11 3.57576e-12
1821	-1.31854e-12 7.99834e-12
1822	3.24737e-12 7.48599e-12
1823	-4.37274e-12 2.15926e-11
1824	-1.87546e-11 -2.09022e-11
1825	1.00464e-10 -3.64105e-12
1826	-1.66786e-11 1.72877e-11
1827	4.5977e-11 2.31203e-11
1828	-2.13524e-12 -1.55805e-10
1829	5.0466e-11 -1.84619e-10
1830	7.72048e-11 1.26343e-10
1831	7.42115e-11 5.03321e-11
1832	-1.30557e-11 7.13184e-11
1833	-1.39288e-10 -5.10652e-11
1834	-3.52954e-11 1.98775e-10
1835	1.17989e-12 3.62237e-10
1836	-3.13227e-12 -2.1158e-12
1837	-2.07163e-12 1.05808e-12
1838	-2.6813e-11 7.90532e-13
1839	-5.95834e-12 -3.10039e-12
1840	-1.1007e-11 1.92304e-12
1841	2.82366e-11 1.03204e-11
1842	-3.02548e-12 -1.0189e-11
1843	-3.57333e-12 1.45833e-11
1844	-4.91356e-12 3.08269e-11
1845	2.88194e-11 1.01723e-10
1846	3.27945e-11 2.63055e-11
1847	1.01991e-11 4.72089e-11
1848	2.10976e-11 -4.94712e-11
1849	1.4993e-11 1.05783e-10
1850	-3.53351e-11 6.02628e-11
1851	4.29448e-12 -2.98862e-12
1852	7.65531e-12 -1.5639e-11
1853	4.76657e-11 -5.21808e-11
1854	-3.93625e-11 -8.83371e-11
1855	-3.04584e-11 -1.95761e-10
1856	-4.92343e-12 -4.36826e-12
1857	2.13296e-12 -7.39929e-12
1858	-2.35835e-12 1.1077e-11
1859	1.72783e-14 3.62111e-12
1860	-3.45358e-12 -1.53673e-11
1861	1.29013e-13 -6.14661e-12
1862	2.23815e-12 2.434e-11
1863	-1.80674e-11 2.51369e-11
1864	-3.08167e-10 -8.8998e-11
1865	6.5664e-10 6.45504e-10
1866	1.24342e-10 -3.2777e-10
1867	3.62122e-10 7.05932e-10
1868	1.04692e-11 -2.6081e-10
1869	3.77404e-10 3.70865e-11
1870	4.61321e-10 -2.27105e-10
1871	6.87799e-11 -4.56182e-10
1872	-3.36704e-11 4.78865e-11
1873	-1.81387e-10 5.93301e-10
1874	-1.35145e-11 -4.67393e-11
1875	-1.88499e-10 2.96397e-10
1876	-2.09044e-12 -1.16536e-10
1877	2.71439e-11 -8.9641e-11
1878	-1.86972e-10 1.44817e-09
1879	-1.58237e-10 -3.98057e-10
1880	-1.2219e-09 1.74037e-09
1881	2.5457e-09 8.79443e-10
1882	-3.33101e-10 -2.97313e-10
1883	4.34765e-09 -3.00813e-09
1884	-3.1804e-09 1.44715e-09
1885	2.93616e-09 5.95116e-11
1886	-2.61161e-09 -3.58934e-10
1887	3.35035e-10 -3.07958e-10
1888	-2.81239e-12 6.57569e-12
1889	-4.86604e-11 -2.61881e-11
1890	-1.69378e-10 -7.7654e-11
1891	-3.03659e-10 -2.19281e-10
1892	1.96688e-10 4.03424e-10
1893	-1.01615e-10 -1.34964e-10
1894	9.37682e-12 2.11037e-10
1895	-1.7734e-10 -9.90474e-10
1896	-2.7798e-10 3.72362e-10
1897	-2.04833e-10 7.44532e-11
1898	-4.3929e-10 8.19798e-10
1899	-6.47921e-10 3.50559e-10
1900	-7.32636e-12 -2.79096e-11
1901	5.23639e-12 1.07009e-11
1902	4.09502e-11 -4.72958e-11
1903	-1.70774e-11 3.60736e-12
1904	4.08612e-12 -5.90864e-12
1905	-8.76647e-11 -1.32196e-11
1906	7.45264e-12 -2.40455e-13
1907	-3.89232e-11 -2.67773e-12
1908	1.67094e-09 -2.05371e-09
1909	-7.89308e-10 1.60147e-09
1910	2.07221e-09 -1.50008e-11
1911	-1.37179e-09 5.0611e-10
1912	-2.03347e-10 1.32113e-09
1913	-2.21696e-10 9.1522e-10
1914	4.79542e-10 -4.06809e-10
1915	1.20771e-09 -7.43942e-10
1916	1.78208e-09 -3.11129e-10
1917	-3.40405e-09 2.13394e-09
1918	2.59276e-09 -1.36439e-09
1919	1.98745e-09 1.09653e-09
1920	-6.61775e-10 4.64995e-10
1921	1.52791e-09 -1.0508e-11
1922	-7.637e-10 -6.80997e-10
1923	-1.51634e-12 -1.06477e-11
1924	-9.2403e-11 -5.48004e-11
1925	-3.19249e-11 -2.13937e-11
1926	-1.86477e-10 -1.15954e-10
1927	-5.87822e-11 -3.55848e-11
1928	1.3999e-11 -1.25217e-12
1929	6.39167e-12 -1.47322e-12
1930	-8.62541e-11 -2.91294e-10
1931	-4.13825e-11 2.14038e-10
1932	-1.10706e-10 -9.98963e-12
1933	-6.49982e-11 6.90534e-11
1934	-7.00471e-11 3.52062e-10
1935	-2.52964e-11 2.47806e-10
1936	-1.61352e-10 -8.47587e-10
1937	-3.07452e-11 -2.41755e-10
1938	-1.15951e-11 1.51458e-11
1939	-3.33031e-10 7.9725e-10
1940	1.04259e-10 -2.98843e-10
1941	-2.36017e-12 -5.52927e-10
1942	4.33674e-11 -4.98489e-12
1943	5.78629e-11 3.5049e-11
1944	8.38813e-12 -4.96315e-10
1945	-3.06771e-11 2.62268e-11
1946	1.61946e-11 -1.50718e-11
1947	8.47605e-11 8.67537e-11
1948	1.69874e-11 -3.49559e-11
1949	-3.01168e-11 -3.40814e-11
1950	1.83877e-11 -4.96036e-11
1951	-4.48617e-11 4.02923e-11
1952	-6.53986e-11 -1.09458e-10
1953	5.59568e-11 -6.73922e-11
1954	-9.79352e-12 1.11256e-12
1955	3.67586e-11 1.11568e-11
1956	-1.12012e-12 3.6616e-12
1957	-3.64183e-11 2.97321e-11
1958	-7.7712e-12 1.12847e-11
1959	-1.69704e-10 -3.51832e-10
1960	-4.41769e-12 8.83707e-12
1961	-1.27004e-10 -5.77653e-11
1962	-3.77908e-11 1.58781e-11
1963	1.83168e-11 -2.08589e-11
1964	2.94058e-11 -2.47875e-11
1965	-3.65598e-10 -3.74172e-10
1966	2.54543e-11 3.19176e-10
1967	-4.10541e-10 -2.33973e-10
1968	9.07813e-10 -1.73137e-09
1969	1.64338e-10 5.0921e-10
1970	6.2054e-10 -6.85596e-10
1971	-1.05599e-10 2.02561e-10
1972	5.12109e-13 -8.99903e-11
1973	9.32042e-10 -8.83104e-10
1974	3.04511e-10 -1.84724e-10
1975	-3.78997e-10 3.6264e-10
1976	-3.70506e-10 -1.23529e-09
1977	-2.68636e-09 2.27045e-09
1978	2.22518e-09 -1.18578e-09
1979	1.84845e-09 -1.96732e-10
1980	-1.54389e-09 -1.23562e-09
1981	-6.8851e-11 2.98605e-11
1982	3.51761e-11 2.0086e-11
1983	-2.6088e-11 1.00222e-10
1984	-4.02227e-13 -7.72408e-12
1985	8.13917e-11 5.00359e-11
1986	2.29861e-11 3.47797e-11
1987	4.62068e-11 3.98048e-11
1988	-9.85464e-12 4.69487e-10
1989	1.50902e-10 -4.09481e-10
1990	4.11528e-10 4.8079e-10
1991	1.23652e-09 1.52903e-10
1992	1.17687e-09 -3.05339e-10
1993	-1.92288e-10 -4.06054e-11
1994	-1.24163e-09 1.31807e-10
1995	-1.54293e-10 -3.06759e-10
1996	2.11602e-10 1.73271e-10
1997	-8.14152e-11 -2.75408e-11
1998	2.00828e-11 -3.38886e-11
1999	8.2771e-12 1.46026e-11
2000	-2.52229e-11 1.01966e-10
2001	-4.97537e-12 3.70058e-11
2002	8.40279e-12 8.87245e-13
2003	7.1851e-10 -3.27715e-10
2004	6.0478e-10 8.67838e-10
2005	1.1604e-09 2.88602e-10
2006	-3.39553e-10 6.80493e-10
2007	1.77115e-10 1.53529e-11
2008	3.36404e-10 1.03815e-10
2009	5.39138e-10 2.12931e-10
2010	8.8924e-13 -6.49176e-10
2011	6.53979e-12 -6.23004e-11
2012	-6.13908e-11 4.92236e-10
2013	-3.1642e-10 -7.3563e-11
2014	1.92596e-09 -9.45582e-10
2015	-1.3713e-09 6.69067e-10
2016	-1.97928e-09 9.07728e-10
2017	1.53905e-09 2.52452e-10
2018	-1.52102e-09 4.54779e-10
2019	1.76049e-09 1.46237e-10
2020	-3.44687e-12 9.42091e-13
2021	-8.81656e-09 -9.05123e-10
2022	2.10144e-09 -8.06712e-10
2023	3.23603e-09 -1.58606e-10
2024	1.76141e-10 1.24309e-09
2025	-1.4222e-08 -5.15691e-09
2026	4.13185e-09 1.65773e-09
2027	-3.37489e-09 -7.82626e-10
2028	-3.27154e-09 -1.28669e-09
2029	1.06159e-08 2.47517e-09
2030	2.71813e-09 4.76337e-09
2031	-5.62153e-09 -3.09783e-09
2032	-2.79016e-09 -1.58051e-09
2033	4.71505e-09 5.0574e-09
2034	-4.49286e-09 -3.32972e-09
2035	3.64377e-09 -4.04811e-09
2036	-5.60115e-09 -9.79977e-11
2037	2.68811e-08 -1.46854e-08
2038	9.55978e-10 -1.18392e-09
2039	-6.27887e-11 7.03152e-10
2040	-5.31226e-10 2.83094e-10
2041	1.059e-09 -1.54291e-09
2042	2.30948e-08 5.71037e-10
2043	2.20792e-08 1.35707e-09
2044	-2.17083e-10 3.96532e-10
2045	7.57499e-11 -3.17034e-10
2046	2.28127e-11 -2.75702e-10
2047	-3.14397e-10 7.02272e-10
2048	-2.01109e-08 -2.08194e-09
2049	-1.95867e-08 -2.43433e-09
2050	-8.35285e-11 2.2278e-10
2051	-1.36583e-10 1.41028e-10
2052	-1.92768e-08 -2.82116e-09
2053	9.08114e-11 -2.4753e-10
2054	2.28405e-10 -1.23153e-10
2055	2.0916e-08 2.49681e-09
2056	-6.25013e-11 -1.70592e-10
2057	1.79223e-10 1.23753e-10
2058	-2.39656e-11 -5.15532e-11
2059	-2.02939e-08 -1.74496e-09
2060	-2.03143e-08 -1.39855e-09
2061	-2.07502e-08 -1.71105e-09
2062	3.01339e-10 1.08447e-09
2063	-7.16395e-10 -3.77302e-10
2064	7.98081e-11 9.70697e-11
2065	2.34878e-08 -1.4366e-10
2066	2.40323e-08 -1.18285e-09
2067	2.49448e-08 -7.14266e-10
2068	2.39694e-09 2.25401e-09
2069	-1.35378e-10 -2.19393e-09
2070	-6.93532e-09 1.88294e-09
2071	1.48457e-09 -3.71731e-09
2072	2.51129e-08 -5.37337e-09
2073	2.50722e-08 6.02159e-10
2074	2.77742e-08 -4.32113e-09
2075	2.55548e-08 -5.73658e-09
2076	-3.54968e-09 -2.63216e-09
2077	2.32961e-10 7.59106e-10
2078	1.49811e-09 -6.39393e-10
2079	1.16248e-10 1.26333e-09
2080	-2.02658e-08 3.74487e-10
2081	-2.01739e-08 7.32648e-12
2082	-2.37677e-08 6.48304e-10
2083	-2.12368e-08 -6.56108e-10
2084	-2.61427e-09 -3.72251e-09
2085	3.01354e-09 2.07572e-09
2086	-1.66966e-08 3.70246e-09
2087	-1.29533e-08 5.0101e-09
2088	-2.25316e-08 3.64565e-09
2089	4.28385e-10 -4.96446e-10
2090	8.07264e-10 -2.80971e-10
2091	-1.67576e-08 -4.59642e-09
2092	-1.76451e-08 -3.95217e-09
2093	-1.8201e-09 -1.26542e-09
2094	8.75521e-09 -1.72264e-09
2095	-4.44737e-09 -5.7692e-10
2096	-1.03139e-08 1.02911e-08
2097	-1.70046e-09 1.63696e-09
2098	-2.7953e-08 -6.30748e-10
2099	-3.94769e-09 2.73022e-08
2100	1.7273e-08 9.61527e-09
2101	-1.10175e-09 3.93715e-10
2102	-7.37119e-10 -5.90177e-10
2103	1.43804e-08 4.02417e-09
2104	1.71792e-08 3.40117e-09
2105	-4.58329e-09 -1.96061e-09
2106	9.76008e-09 6.83402e-10
2107	2.16191e-08 -1.69255e-09
2108	2.76998e-08 -1.08005e-08
2109	2.88656e-10 3.62485e-10
2110	-2.03112e-08 -1.18877e-09
2111	-2.03297e-08 -8.38828e-10
2112	-2.08488e-08 -1.46694e-09
2113	-3.82017e-10 -2.03761e-09
2114	2.39571e-08 -2.33682e-09
2115	2.47824e-08 -2.84199e-09
2116	2.46043e-08 -2.93646e-09
2117	2.56043e-08 -2.39359e-09
2118	1.48843e-08 1.10432e-08
2119	-4.43615e-09 -3.0497e-10
2120	-3.85577e-09 -3.39754e-09
2121	2.30581e-09 -2.71384e-09
2122	-2.59515e-08 -1.24218e-10
2123	-2.68328e-10 4.45433e-08
2124	-2.58346e-08 -2.70367e-09
2125	-2.36894e-08 -8.85865e-09
2126	-4.45446e-09 -1.13622e-08
2127	7.8746e-09 -1.0684e-09
2128	-4.28889e-09 -9.17284e-10
2129	3.68419e-09 7.43263e-09
2130	-1.86497e-08 2.36477e-08
2131	2.45187e-08 1.95833e-08
2132	-1.39039e-08 -9.44523e-09
2133	3.57154e-08 -5.11823e-09
2134	1.34313e-09 -1.35928e-09
2135	1.77107e-09 -2.37588e-09
2136	2.37915e-08 3.79111e-10
2137	2.55443e-08 6.7894e-12
2138	2.33352e-08 8.94817e-09
2139	2.22531e-08 -3.53242e-09
2140	2.31487e-08 1.85943e-09
2141	-8.20834e-10 9.17284e-10
2142	-1.40689e-09 6.81376e-10
2143	-2.02612e-08 -1.86592e-09
2144	-2.09329e-08 -1.98044e-09
2145	-2.10012e-08 -4.25935e-09
2146	-2.03656e-08 -2.32068e-09
2147	2.71584e-10 2.92374e-10
2148	1.68555e-11 -3.54023e-11
2149	-1.95664e-08 -2.77002e-09
2150	-1.91404e-08 -3.0474e-09
2151	-1.82943e-08 -3.51879e-09
2152	-1.87607e-08 -3.23079e-09
2153	-1.91777e-08 -3.10705e-09
2154	-5.25986e-12 -1.177e-09
2155	7.66606e-12 3.32901e-11
2156	2.15451e-08 2.04808e-09
2157	2.07374e-08 2.74378e-09
2158	1.85828e-08 3.31961e-09
2159	2.00396e-08 2.91338e-09
2160	2.10371e-08 2.86774e-09
2161	2.0183e-08 2.84135e-09
2162	-7.16044e-10 -6.05501e-10
2163	-1.7968e-08 -5.54878e-09
2164	-1.85691e-08 -3.80032e-09
2165	-1.91626e-08 -4.17022e-09
2166	-1.92073e-08 -3.36521e-09
2167	-1.40171e-08 -6.58303e-09
2168	-1.91509e-08 -3.42463e-09
2169	-8.96172e-09 -7.55722e-09
2170	1.42339e-08 4.7248e-09
2171	3.04093e-09 4.64643e-09
2172	1.78599e-08 4.28651e-09
2173	2.04999e-08 9.42343e-09
2174	2.07233e-08 4.34306e-09
2175	-1.90948e-08 -2.959e-09
2176	-1.8822e-08 -3.20468e-09
2177	-1.88679e-08 -3.13244e-09
2178	2.06109e-08 2.59068e-09
2179	2.02067e-08 2.80514e-09
2180	-2.03087e-08 -1.32739e-09
2181	-2.0283e-08 -1.2598e-09
2182	2.40056e-08 -1.31044e-09
2183	2.4031e-08 -1.4437e-09
2184	7.21942e-09 -2.39136e-09
2185	-5.40513e-10 8.15247e-10
2186	-7.16602e-10 2.19304e-09
2187	4.09798e-09 1.0152e-10
2188	-1.0055e-10 -1.19244e-10
2189	9.58604e-10 -3.71272e-09
2190	-1.9871e-10 8.36513e-10
2191	-1.36546e-09 1.60211e-09
2192	-2.4453e-09 -1.74918e-09
2193	-7.53222e-09 3.54326e-09
2194	2.47527e-09 -1.16527e-09
2195	6.65913e-09 3.87974e-09
2196	5.34736e-10 -1.47302e-09
2197	-1.79881e-09 1.63241e-09
2198	1.51874e-09 -1.07464e-09
2199	3.88705e-09 6.333e-10
2200	8.51856e-09 -2.67308e-09
2201	9.88808e-09 -5.13701e-09
2202	-8.96334e-09 5.62879e-09
2203	2.27049e-08 -1.26299e-08
2204	-7.04755e-10 -3.29287e-10
2205	3.38781e-09 -3.07957e-09
2206	2.2872e-09 -5.57961e-10
2207	7.6914e-10 3.50585e-09
2208	-4.92355e-09 -3.76843e-09
2209	-6.55861e-10 8.511e-10
2210	2.85862e-10 -9.8487e-10
2211	1.31974e-09 -5.66717e-10
2212	-8.65239e-12 1.05015e-09
2213	-8.95687e-11 -4.45134e-11
2214	-1.77217e-10 3.43917e-10
2215	-2.42744e-10 -4.30156e-10
2216	-1.87168e-10 -3.4489e-10
2217	-1.6491e-10 1.10935e-11
2218	-1.58397e-10 -8.20235e-10
2219	7.53977e-11 -5.92837e-11
2220	3.63713e-10 -3.78709e-10
2221	5.07395e-11 3.07097e-10
2222	-4.78405e-10 1.66874e-11
2223	6.91434e-11 -3.61204e-10
2224	7.63863e-11 1.06742e-10
2225	-2.56201e-12 -6.58676e-11
2226	2.18113e-11 6.35086e-11
2227	-2.48714e-10 2.01783e-10
2228	-1.15814e-10 -2.45328e-11
2229	-5.8774e-11 2.86504e-10
2230	2.53824e-10 -2.29447e-10
2231	-1.16892e-10 -1.15509e-11
2232	1.943e-10 -1.8026e-10
2233	2.33906e-11 -1.06968e-10
2234	-3.58419e-11 2.15223e-10
2235	2.20923e-11 3.59409e-11
2236	1.12226e-11 -7.01199e-12
2237	1.43893e-11 1.61588e-10
2238	-5.00554e-10 2.95925e-10
2239	3.86848e-10 6.85605e-11
2240	-3.4504e-10 2.48219e-10
2241	-5.96643e-11 1.97138e-10
2242	-1.10602e-10 -1.83249e-10
2243	-5.65651e-11 2.03806e-11
2244	-8.63628e-11 -4.00782e-10
2245	4.78101e-11 2.78121e-10
2246	-4.19472e-10 -2.54063e-10
2247	3.65918e-11 5.48138e-11
2248	4.12443e-11 1.0985e-11
2249	-3.85985e-11 -4.17522e-11
2250	6.95828e-11 4.66754e-11
2251	1.07739e-10 1.0687e-10
2252	-5.1459e-11 -2.90341e-11
2253	3.82049e-12 1.33865e-11
2254	-3.67198e-11 1.86288e-10
2255	4.92909e-11 4.07707e-11
2256	3.73597e-10 -4.80714e-10
2257	9.12407e-10 3.61888e-10
2258	-1.4998e-12 -1.16572e-10
2259	-8.5801e-11 -1.42513e-10
2260	-5.64477e-11 -3.76632e-10
2261	-7.3239e-11 -7.10809e-12
2262	4.98484e-12 1.74664e-10
2263	-3.63576e-11 -5.63256e-11
2264	-3.82347e-11 -6.14674e-10
2265	-1.42444e-10 -1.39763e-10
2266	5.9883e-12 -3.98722e-10
2267	5.01858e-10 5.67762e-09
2268	1.67725e-10 -2.55356e-10
2269	2.6521e-09 3.97242e-10
2270	-8.95792e-10 -1.91887e-11
2271	2.12796e-09 2.12566e-09
2272	1.23155e-09 8.60041e-11
2273	2.51191e-09 4.11118e-09
2274	-3.727e-10 5.22221e-09
2275	6.09488e-09 1.0965e-09
2276	1.20092e-08 7.00492e-09
2277	3.48297e-09 3.27007e-11
2278	-1.57242e-11 -2.25894e-10
2279	-3.07935e-09 7.83698e-10
2280	-1.08624e-09 -6.2117e-10
2281	3.9877e-10 -6.53244e-11
2282	5.1924e-11 1.12095e-10
2283	1.42353e-09 -5.3552e-10
2284	-1.15276e-10 3.69438e-10
2285	-1.08748e-09 3.4955e-10
2286	-7.14015e-10 5.75075e-10
2287	8.44115e-09 -1.07146e-08
2288	-8.95785e-09 3.11366e-10
2289	3.01578e-10 -5.54789e-09
2290	2.29436e-11 -1.07902e-09
2291	2.17571e-09 -3.02204e-09
2292	-1.24258e-08 -3.29954e-09
2293	-3.20828e-09 1.64498e-09
2294	4.33963e-09 -3.92162e-08
2295	-3.14193e-10 3.41832e-10
2296	-3.18989e-10 1.37697e-11
2297	-5.64983e-10 5.01569e-10
2298	-4.52095e-11 -7.37843e-10
2299	1.97873e-11 8.77574e-11
2300	-6.85364e-11 2.74468e-10
2301	-2.16038e-10 -2.52211e-11
2302	1.38116e-10 2.22864e-10
2303	5.58047e-11 5.30466e-10
2304	-1.12974e-09 4.11927e-10
2305	-2.62176e-08 4.48811e-10
2306	-2.05359e-09 2.51502e-08
2307	1.86763e-08 5.11465e-09
2308	1.98544e-09 -2.87915e-09
2309	-1.58223e-09 2.75661e-09
2310	-4.01421e-09 3.44889e-09
2311	1.80337e-09 -1.68506e-09
2312	-2.13525e-09 -2.87079e-08
2313	1.5155e-08 7.01846e-09
2314	1.16313e-09 -6.00828e-10
2315	2.99191e-09 4.3932e-09
2316	2.19118e-09 -5.97893e-10
2317	-8.49029e-10 6.55348e-11
2318	1.58363e-10 -4.71066e-10
2319	-1.97497e-10 -6.52756e-10
2320	2.82541e-09 4.50586e-10
2321	4.29581e-09 -1.14623e-08
2322	-2.54069e-09 2.68591e-09
2323	1.77661e-09 5.70513e-10
2324	-4.14659e-09 1.24313e-09
2325	2.73763e-09 6.55153e-09
2326	-5.09173e-09 -6.42732e-09
2327	-5.40402e-10 -5.19804e-10
2328	1.34963e-11 6.97384e-12
2329	1.25494e-10 8.98569e-11
2330	2.87781e-11 1.15505e-10
2331	-1.28464e-10 2.24961e-10
2332	1.08451e-09 4.52163e-10
2333	1.25563e-11 -1.44238e-10
2334	2.6179e-10 -2.38732e-10
2335	3.14307e-10 -7.5289e-10
2336	2.11389e-09 -1.04832e-09
2337	7.54181e-10 -7.77895e-10
2338	2.67554e-08 4.89192e-08
2339	-7.45823e-10 -3.99541e-09
2340	1.91761e-09 -1.00371e-08
2341	2.24469e-08 -1.03481e-08
2342	-2.95567e-09 -1.0843e-08
2343	4.41304e-09 -7.31418e-09
2344	-1.1673e-09 -3.28406e-09
2345	5.28633e-08 -3.45532e-08
2346	1.06756e-08 -9.07005e-09
2347	2.76951e-08 -5.74308e-09
2348	2.97934e-08 -1.70894e-08
2349	2.9294e-08 -5.12478e-09
2350	1.89724e-09 -4.82077e-08
2351	5.81383e-08 -2.15548e-08
2352	8.52576e-08 -6.91042e-08
2353	-1.98277e-07 1.98501e-07
2354	1.74236e-08 3.61203e-09
2355	2.11026e-07 -6.35346e-08
2356	-1.28451e-08 9.9078e-08
2357	7.46442e-08 -4.15063e-08
2358	1.18269e-08 4.8509e-08
2359	-1.48343e-09 8.68815e-09
2360	-4.91979e-09 -2.95683e-09
2361	-1.59297e-09 1.86044e-09
2362	1.95795e-09 -1.02107e-09
2363	1.17088e-09 1.93408e-10
2364	8.91018e-09 -6.39637e-10
2365	3.89934e-09 -1.78238e-10
2366	9.2691e-10 -6.40229e-10
2367	-3.44353e-10 -2.50635e-09
2368	2.42889e-10 -4.94453e-10
2369	-1.42981e-09 -1.60369e-09
2370	-4.15055e-10 4.32981e-10
2371	-2.05679e-09 -2.7299e-09
2372	-1.46641e-09 -1.28665e-09
2373	-8.74138e-10 -3.31153e-10
2374	-4.29238e-10 -1.26254e-10
2375	-3.41004e-10 1.6528e-10
2376	-2.00614e-11 7.39003e-11
2377	1.01658e-11 1.22629e-10
2378	2.56331e-11 4.86561e-11
2379	4.08625e-11 -4.83677e-11
2380	9.42932e-11 1.46987e-10
2381	6.08517e-11 -4.96232e-11
2382	6.19169e-11 3.97805e-11
2383	-1.53211e-10 2.21758e-10
2384	8.55426e-10 -2.03097e-10
2385	6.89127e-11 -9.36946e-11
2386	2.21177e-11 -1.76381e-10
2387	-7.11894e-11 -3.9698e-11
2388	-2.4699e-10 2.63668e-10
2389	-1.00198e-10 -2.82536e-10
2390	-9.96811e-11 6.8683e-11
2391	-2.23347e-10 -5.48534e-11
2392	1.0537e-08 -4.60754e-09
2393	6.94043e-11 8.23182e-10
2394	-1.32315e-10 -2.05257e-09
2395	-4.72217e-09 -7.94053e-09
2396	-5.39229e-10 -4.48054e-10
2397	-1.60565e-09 -1.4964e-09
2398	-9.20478e-10 -3.11678e-09
2399	-6.54094e-10 -1.34067e-09
2400	-4.48242e-10 -1.35613e-08
2401	-1.19785e-09 -6.52289e-09
2402	3.58023e-09 -2.20755e-08
2403	-3.92422e-10 -5.15698e-09
2404	4.29485e-09 4.35225e-09
2405	3.40574e-09 7.89783e-09
2406	9.18947e-09 1.96758e-08
2407	4.13132e-09 3.62739e-09
2408	1.22956e-08 9.19943e-09
2409	4.75786e-08 -4.7902e-09
2410	5.5457e-09 -7.24781e-09
2411	-2.73745e-09 -1.8944e-08
2412	1.96021e-08 1.96641e-08
2413	2.93082e-08 -8.84597e-08
2414	7.53485e-10 -2.80775e-08
2415	2.16035e-09 -1.03106e-08
2416	1.24903e-09 8.43045e-09
2417	-1.49786e-08 7.97383e-09
2418	-1.4046e-07 1.78924e-07
2419	-3.10453e-08 -1.85728e-08
2420	1.51845e-08 1.73505e-08
2421	2.05363e-08 3.70804e-08
2422	2.05102e-11 1.01685e-11
2423	-3.10824e-10 1.2536e-10
2424	-7.34948e-10 -3.56423e-10
2425	-5.48435e-11 2.9264e-10
2426	2.71479e-11 1.25846e-10
2427	-2.20478e-10 1.59249e-11
2428	1.542e-10 2.74137e-10
2429	2.87282e-09 9.36158e-10
2430	6.2206e-11 -5.01492e-10
2431	-2.78384e-10 1.91091e-10
2432	2.84588e-09 -3.16447e-10
2433	3.49505e-10 -1.41589e-09
2434	-1.42744e-10 -5.23645e-10
2435	-1.69884e-11 6.91192e-11
2436	-1.31697e-11 3.84144e-11
2437	3.34893e-13 1.07336e-12
2438	2.82866e-11 -9.59869e-11
2439	-1.93307e-12 1.64975e-11
2440	3.86366e-11 -8.20831e-11
2441	2.71502e-11 -4.09695e-11
2442	-3.40804e-11 3.56456e-11
2443	-5.20785e-12 -6.22637e-12
2444	-3.5166e-13 -1.17402e-11
2445	3.8424e-12 -6.0318e-12
2446	2.52329e-11 1.69372e-11
2447	5.83341e-11 7.4452e-11
2448	1.05196e-11 4.84993e-12
2449	-4.78833e-11 -6.08778e-11
2450	-2.35667e-11 -3.14524e-10
2451	-2.0285e-11 -1.04443e-11
2452	-2.18622e-11 5.88399e-11
2453	-1.82524e-11 3.10992e-11
2454	-5.65184e-11 -5.4859e-12
2455	3.13601e-12 4.19042e-12
2456	1.09154e-11 -3.17854e-12
2457	2.11437e-11 2.51858e-12
2458	-3.03722e-12 4.43378e-12
2459	1.80584e-11 2.7272e-12
2460	1.6829e-11 -3.67866e-12
2461	3.20812e-11 7.18393e-11
2462	1.51436e-13 -2.80186e-11
2463	-3.72251e-12 -1.22784e-11
2464	-1.92009e-11 -2.97212e-11
2465	2.62085e-11 1.07338e-11
2466	2.28457e-12 -2.54213e-11
2467	1.13269e-12 -1.45729e-11
2468	-9.69174e-11 -4.91571e-11
2469	-8.80915e-12 6.24451e-12
2470	2.44504e-11 3.84814e-12
2471	-1.63427e-11 -1.09015e-10
2472	4.85772e-11 2.02493e-11
2473	-2.03899e-11 1.75045e-11
2474	-4.16695e-12 -2.31999e-12
2475	2.73996e-11 7.38293e-11
2476	-7.06048e-12 -1.81963e-11
2477	2.44735e-12 -1.70579e-11
2478	-1.39125e-11 -6.67833e-12
2479	-4.78237e-12 -4.14292e-12
2480	7.85135e-13 -5.42047e-12
2481	2.1018e-11 8.60671e-12
2482	7.04847e-12 6.09795e-12
2483	5.17871e-12 2.18762e-12
2484	4.30301e-12 -4.50814e-13
2485	6.12772e-12 -2.08856e-12
2486	-3.14037e-11 -5.2092e-11
2487	4.51373e-12 6.55555e-12
2488	8.42738e-12 -7.65964e-13
2489	1.08354e-11 -1.67331e-11
2490	1.3351e-11 -5.26301e-12
2491	-4.65208e-11 -9.51164e-11
2492	3.37939e-11 3.21045e-11
2493	-1.28017e-11 1.71573e-11
2494	4.7675e-11 3.90293e-11
2495	4.60197e-11 4.66977e-11
2496	1.74878e-12 2.90299e-11
2497	-5.54576e-11 -3.6916e-12
2498	-3.31803e-11 1.9183e-11
2499	3.06985e-10 7.21842e-10
2500	1.70215e-10 -3.30461e-09
2501	1.00722e-10 8.66249e-10
2502	-2.06974e-09 -1.07091e-09
2503	3.81086e-11 8.68366e-11
2504	-5.29733e-11 4.19531e-11
2505	1.05124e-10 5.20233e-11
2506	4.93849e-11 -2.03323e-11
2507	4.98406e-11 1.36705e-11
2508	2.43417e-09 -1.42167e-09
2509	1.14274e-09 2.2282e-09
2510	-3.95036e-09 3.15028e-10
2511	2.00517e-09 -6.98236e-10
2512	-8.26096e-10 6.00563e-10
2513	2.24024e-09 2.80541e-09
2514	8.05219e-12 6.24049e-11
2515	-6.62125e-11 -2.84101e-10
2516	-4.92557e-11 -3.6868e-11
2517	-4.95058e-10 -1.89259e-10
2518	1.2787e-09 1.65855e-09
2519	1.44625e-09 -7.15449e-10
2520	1.41853e-09 9.08214e-10
2521	1.89837e-10 -5.16306e-10
2522	1.81362e-09 -9.39255e-10
2523	9.42462e-12 2.84432e-11
2524	1.01153e-11 4.60094e-12
2525	-1.52604e-11 9.2515e-12
2526	3.94778e-12 -3.6615e-12
2527	-1.13198e-10 -1.46533e-10
2528	-6.01476e-12 3.57789e-11
2529	3.36424e-12 3.41071e-11
2530	1.79241e-11 7.21618e-11
2531	9.26921e-12 5.35351e-11
2532	-4.46902e-11 -2.01142e-11
2533	-4.04007e-11 7.09691e-11
2534	-7.81647e-12 4.11134e-11
2535	1.03277e-10 5.62524e-11
2536	3.24808e-12 -2.66785e-11
2537	-3.52606e-11 1.04145e-11
2538	-6.90959e-11 -4.43362e-12
2539	-5.71013e-11 1.5794e-11
2540	-1.51344e-11 2.2942e-10
2541	-2.01653e-10 -2.30374e-10
2542	-1.64643e-10 -1.67848e-10
2543	2.50511e-11 -4.39762e-11
2544	2.25057e-11 -1.33868e-13
2545	-8.18554e-11 -1.02003e-10
2546	-1.43186e-14 -2.43627e-11
2547	-6.54135e-11 -2.23629e-11
2548	-1.27465e-10 -2.73427e-11
2549	-7.12716e-11 -2.28645e-10
2550	-2.11809e-11 9.31457e-12
2551	-7.18498e-12 5.75365e-11
2552	-1.26506e-11 3.07861e-11
2553	6.15743e-12 1.18596e-11
2554	-4.30928e-12 1.53534e-11
2555	5.20628e-11 2.06118e-10
2556	6.78629e-12 -3.28157e-11
2557	-1.4992e-11 4.90283e-12
2558	-5.56209e-11 5.13318e-11
2559	-2.94742e-11 1.51617e-11
2560	3.10108e-11 7.97656e-12
2561	-1.47693e-11 -6.68698e-12
2562	9.70655e-13 -1.38427e-12
2563	9.78352e-12 4.41493e-12
2564	5.65506e-12 -1.11401e-12
2565	-6.95292e-10 2.49518e-09
2566	2.54668e-10 -5.86528e-10
2567	-3.95974e-13 -4.28723e-11
2568	-1.97826e-10 -4.42356e-10
2569	8.7988e-10 8.20614e-10
2570	1.05747e-09 2.75629e-09
2571	9.58942e-10 -1.60997e-09
2572	-1.10072e-09 -5.40425e-11
2573	5.31499e-09 -2.10428e-09
2574	-1.06722e-10 -3.88557e-11
2575	-2.02361e-10 -7.72208e-11
2576	4.1208e-10 2.8042e-09
2577	2.67056e-10 9.25226e-11
2578	-1.81319e-09 -8.4979e-10
2579	5.42182e-11 -1.353e-11
2580	4.03406e-11 2.94193e-11
2581	9.95347e-12 1.12138e-10
2582	-3.10421e-12 1.63535e-11
2583	-2.83157e-11 1.94543e-10
2584	5.55806e-10 -4.00178e-10
2585	6.14515e-11 2.38443e-10
2586	-3.3573e-10 6.64462e-11
2587	4.33786e-11 6.71106e-11
2588	3.24668e-11 9.42129e-11
2589	-3.42429e-11 2.21459e-10
2590	5.70636e-10 -1.0414e-09
2591	-7.75713e-11 1.7246e-10
2592	3.34675e-12 -1.16078e-12
2593	-8.87843e-12 9.61269e-12
2594	1.81571e-11 1.13829e-10
2595	-2.15894e-10 2.63533e-10
2596	1.04942e-09 -1.41572e-09
2597	3.06167e-10 3.24334e-10
2598	-6.26458e-11 -8.62926e-11
2599	-7.14755e-10 3.57087e-10
2600	-1.67984e-10 -4.14616e-10
2601	-1.14664e-09 -1.06859e-09
2602	1.89459e-10 -6.73547e-11
2603	-2.6418e-10 1.85244e-09
2604	1.18286e-09 -3.01746e-09
2605	7.31579e-10 -4.59817e-10
2606	-1.13469e-09 5.18765e-10
2607	-1.07722e-09 6.46315e-10
2608	-1.40293e-09 4.26884e-09
2609	7.34355e-10 1.33822e-10
2610	7.47666e-10 -6.32419e-09
2611	-1.1507e-09 -1.66498e-10
2612	1.12316e-09 8.90626e-13
2613	-2.7603e-09 2.32437e-09
2614	6.20104e-12 1.72814e-11
2615	-3.26877e-11 -2.49392e-11
2616	1.59114e-11 -1.92804e-11
2617	3.47751e-12 -5.23646e-12
2618	9.846e-12 1.09317e-11
2619	-2.2828e-12 1.08756e-11
2620	2.54413e-12 -2.90176e-13
2621	-8.11724e-12 2.57651e-11
2622	-2.9908e-11 1.21987e-11
2623	3.06694e-11 7.44909e-11
2624	-1.31498e-11 -2.6358e-12
2625	-3.57088e-12 4.27759e-12
2626	2.72911e-11 -3.41393e-11
2627	-6.04985e-12 -4.48586e-11
2628	4.14455e-09 -4.25137e-09
2629	-9.13506e-11 -5.66219e-10
2630	2.40657e-09 -1.33973e-10
2631	2.36684e-09 2.8239e-09
2632	-7.09727e-10 1.44327e-10
2633	5.79418e-11 4.42941e-10
2634	-4.83895e-09 1.43573e-09
2635	1.30214e-09 -2.50245e-09
2636	2.62776e-11 5.74512e-11
2637	2.21934e-10 -1.30679e-10
2638	-1.43467e-12 1.7342e-10
2639	-7.87051e-11 -4.06843e-12
2640	8.56335e-12 -4.79931e-11
2641	-1.7812e-10 -1.03446e-10
2642	-3.68895e-09 8.21201e-10
2643	8.93543e-09 6.5269e-09
2644	3.85622e-09 -1.61204e-09
2645	1.30742e-08 -2.23556e-08
2646	1.60845e-09 2.09092e-09
2647	1.82237e-10 1.18256e-09
2648	-5.39202e-09 7.684e-09
2649	-8.92938e-09 -1.21882e-09
2650	-1.53712e-08 -1.24077e-09
2651	-3.16656e-12 5.68868e-12
2652	-2.50152e-11 3.51666e-11
2653	2.40321e-11 -7.87788e-12
2654	-3.9832e-12 1.93653e-12
2655	2.07808e-12 2.2841e-12
2656	-6.59212e-12 -3.36574e-12
2657	-1.11146e-11 -3.15232e-12
2658	2.35833e-12 -1.18915e-11
2659	3.22237e-12 1.1808e-11
2660	-9.81687e-11 -2.36984e-12
2661	2.24145e-12 -2.02897e-11
2662	6.49194e-12 -3.11941e-12
2663	-6.92722e-11 3.13096e-11
2664	-9.79547e-12 4.46895e-12
2665	1.65539e-11 -5.05113e-12
2666	1.00099e-11 -1.13938e-11
2667	-2.96255e-11 -1.64006e-11
2668	4.61628e-11 3.63914e-11
2669	3.48216e-11 4.15484e-11
2670	2.58067e-12 -7.5664e-13
2671	-5.08439e-12 3.36157e-12
2672	-2.06467e-12 3.8993e-12
2673	-2.13064e-12 4.08345e-12
2674	-1.41407e-11 -3.04609e-11
2675	5.76905e-12 2.90996e-11
2676	-2.05817e-11 -7.85254e-11
2677	2.21778e-12 1.68073e-11
2678	-3.3676e-11 -3.39959e-11
2679	-4.80572e-12 -1.47245e-11
2680	1.04474e-10 3.55386e-11
2681	-5.9345e-11 5.73808e-11
2682	-4.84309e-12 1.60131e-11
2683	-5.59719e-12 1.05896e-11
2684	-5.41964e-11 3.65179e-11
2685	-8.29292e-12 -3.16921e-11
2686	1.13465e-09 -4.71797e-09
2687	4.22296e-10 8.54461e-10
2688	-8.229e-10 1.34744e-09
2689	2.12101e-09 -1.24491e-10
2690	-3.9251e-09 2.68036e-09
2691	-2.79606e-10 2.51021e-10
2692	-3.09638e-10 -2.83067e-10
2693	-1.05863e-10 2.99594e-11
2694	4.94995e-11 -2.0159e-10
2695	5.9335e-11 -4.03964e-11
2696	1.8989e-10 3.13318e-10
2697	1.3138e-10 -1.83337e-10
2698	2.56512e-10 1.03983e-10
2699	2.87277e-08 4.14898e-09
2700	7.73962e-09 1.15313e-09
2701	-8.5856e-09 -6.86658e-09
2702	8.65449e-11 3.34044e-09
2703	-2.16543e-09 -2.89887e-09
2704	-5.75789e-09 -4.99217e-09
2705	4.41692e-09 -1.3812e-08
2706	2.0441e-11 4.60095e-11
2707	-2.79085e-12 2.03754e-13
2708	-5.38144e-12 -1.09606e-11
2709	2.67395e-11 4.45952e-12
2710	4.79228e-11 3.71932e-12
2711	6.12502e-11 -3.25133e-10
2712	2.33455e-11 -8.95242e-12
2713	-2.47312e-11 -3.24162e-10
2714	2.74318e-11 2.12314e-11
2715	-1.89061e-11 -9.79984e-11
2716	8.41966e-12 1.69283e-10
2717	-2.36664e-10 2.28622e-10
2718	-7.7089e-09 6.02357e-09
2719	-6.11787e-08 4.58656e-08
2720	7.75043e-09 1.3861e-08
2721	-2.82582e-09 3.65139e-08
2722	3.43416e-08 2.25652e-08
2723	7.65258e-09 -2.32724e-08
2724	8.38045e-08 8.5459e-08
2725	1.8134e-07 -4.61059e-08
2726	8.0125e-07 7.09465e-07
2727	4.2843e-08 -1.32659e-08
2728	2.06253e-08 1.25331e-07
2729	3.09752e-07 -4.68588e-08
2730	-9.00336e-09 5.17573e-08
2731	-1.89509e-07 -3.31349e-07
2732	-1.57952e-07 1.68017e-08
2733	9.93719e-11 1.44135e-09
2734	-3.44561e-09 7.62997e-10
2735	2.6467e-10 2.64167e-10
2736	-4.74542e-10 -3.77194e-10
2737	-2.76454e-10 -6.16622e-10
2738	1.1669e-09 1.654e-09
2739	1.53797e-09 -5.19846e-10
2740	-1.74049e-09 2.86205e-09
2741	9.61608e-10 4.78089e-10
2742	1.27373e-09 -1.93972e-09
2743	-1.61461e-10 -5.8922e-10
2744	7.74985e-10 1.93544e-10
2745	-6.40927e-12 1.97025e-11
2746	9.57127e-10 1.07847e-09
2747	1.08819e-10 -4.2513e-10
2748	-1.85778e-09 3.55239e-10
2749	1.05461e-09 -3.78239e-10
2750	-4.42034e-09 6.85165e-09
2751	-1.73574e-09 2.40363e-09
2752	1.35541e-08 3.62939e-09
2753	-1.56197e-09 4.02974e-10
2754	-4.64969e-09 -3.42573e-09
2755	-2.03607e-09 3.42417e-09
2756	1.6292e-09 -9.25878e-09
2757	3.39206e-10 1.3892e-09
2758	1.91885e-10 6.78675e-12
2759	-1.07225e-09 -1.71462e-09
2760	2.3824e-10 1.04607e-10
2761	1.0412e-10 -2.15381e-11
2762	-3.48351e-11 -8.97873e-11
2763	-6.88681e-10 1.54506e-09
2764	-2.16475e-10 -6.30393e-11
2765	7.82599e-09 2.54348e-08
2766	-8.09233e-09 -5.73506e-09
2767	2.33325e-09 -8.25212e-10
2768	1.49844e-09 2.56543e-09
2769	-4.97908e-09 5.06886e-09
2770	7.22218e-11 -1.52473e-09
2771	-7.48207e-09 1.52093e-09
2772	3.60147e-09 1.70268e-09
2773	6.2603e-09 -1.12285e-08
2774	5.54839e-12 3.14796e-11
2775	1.51539e-12 2.4755e-12
2776	-5.26185e-12 4.63601e-12
2777	-2.42026e-12 2.47783e-12
2778	2.90357e-12 -1.22397e-12
2779	-3.51964e-12 -1.98683e-11
2780	6.88412e-12 -1.03373e-11
2781	1.04917e-11 1.56797e-11
2782	3.31894e-12 1.22014e-11
2783	3.23768e-12 4.13496e-12
2784	-5.4309e-11 -2.16793e-11
2785	7.81035e-11 4.98845e-12
2786	8.32792e-11 -2.47663e-10
2787	3.66367e-11 3.37114e-10
2788	1.67521e-10 1.10422e-10
2789	5.2757e-11 -6.77111e-11
2790	-1.06178e-11 1.08806e-10
2791	5.82683e-11 8.21385e-11
2792	-1.26881e-10 2.75067e-11
2793	7.47336e-08 -1.60075e-07
2794	-6.14297e-09 2.07445e-08
2795	3.13585e-08 2.1105e-09
2796	-5.6878e-09 4.04563e-09
2797	-9.46989e-10 -9.67013e-10
2798	6.74368e-09 -2.8768e-08
2799	-3.59786e-08 1.78866e-09
2800	-7.88137e-08 5.50527e-08
2801	9.13232e-08 -2.24557e-08
2802	1.81363e-09 -5.65919e-09
2803	-9.97865e-10 1.31718e-10
2804	1.7166e-10 -4.37895e-11
2805	-5.76182e-10 9.1168e-11
2806	8.74469e-10 -8.14083e-10
2807	1.26991e-09 -6.23023e-10
2808	-7.81107e-10 3.7646e-09
2809	9.79656e-10 -2.32137e-10
2810	-3.45565e-08 1.35012e-09
2811	-4.39157e-09 2.99503e-07
2812	-8.79903e-11 -6.51251e-08
2813	4.94044e-08 2.13935e-07
2814	1.06158e-07 -9.34415e-08
2815	2.01692e-08 7.16552e-10
2816	-1.95677e-09 -1.65288e-10
2817	3.60002e-09 -2.17036e-09
2818	-1.02283e-09 1.53995e-10
2819	-3.26415e-09 -1.67098e-08
2820	1.05754e-08 7.93783e-09
2821	-2.32372e-09 -8.38898e-09
2822	-1.67088e-08 2.22567e-08
2823	-8.12179e-08 -5.78206e-08
2824	3.20036e-08 2.30821e-08
2825	-6.03625e-08 6.03097e-08
2826	-2.16078e-09 -1.50459e-09
2827	-1.17004e-09 -3.68477e-10
2828	1.62448e-09 -1.01867e-09
2829	-1.72618e-09 6.62029e-10
2830	-3.43026e-10 -1.31047e-10
2831	3.45944e-09 7.27089e-10
2832	-1.45255e-10 -7.93834e-10
2833	2.45065e-09 -2.3886e-10
2834	-2.88872e-10 -8.06873e-09
2835	-4.43956e-09 8.33969e-10
2836	3.15622e-09 1.70571e-09
2837	-6.12288e-09 2.96702e-09
2838	-2.264e-10 2.72655e-10
2839	4.08389e-10 -3.48346e-10
2840	3.37408e-10 1.27863e-09
2841	-2.16968e-10 -5.76006e-10
2842	-1.07398e-08 -1.08634e-08
2843	-1.79573e-08 9.86195e-09
2844	2.33403e-08 -4.428e-08
2845	5.76187e-11 -6.55755e-11
2846	-1.27698e-10 -5.55454e-11
2847	5.43599e-11 1.49937e-10
2848	-2.23691e-10 -4.62387e-10
2849	-9.72297e-11 2.72761e-10
2850	5.13e-14 -3.5419e-12
2851	-7.37757e-12 -5.54762e-12
2852	-2.56597e-12 1.36754e-11
2853	1.35004e-11 -1.41545e-11
2854	6.40618e-11 -5.10328e-12
2855	-3.94225e-11 -3.40629e-11
2856	1.85924e-11 -1.66736e-11
2857	-1.41837e-11 1.22448e-10
2858	7.00506e-11 5.98477e-11
2859	1.07143e-10 7.07581e-11
2860	-2.93817e-10 -6.52491e-11
2861	7.90188e-11 1.65823e-10
2862	-4.37082e-10 -1.48407e-10
2863	-5.76119e-11 -1.04628e-10
2864	2.10146e-12 -1.37252e-12
2865	3.07909e-12 -1.0139e-11
2866	1.4928e-11 -1.00995e-11
2867	1.01114e-13 -8.28852e-12
2868	1.34726e-12 1.37909e-11
2869	1.38968e-12 -4.54863e-12
2870	2.40391e-11 5.22259e-11
2871	-2.20682e-13 5.19288e-13
2872	6.15996e-15 3.61341e-12
2873	-3.76009e-12 3.87598e-12
2874	-6.84432e-12 -1.34602e-11
2875	-1.28266e-11 -2.44132e-11
2876	-9.98619e-10 -9.50197e-10
2877	3.86886e-10 -8.50283e-12
2878	1.41727e-09 -6.13555e-09
2879	-6.12291e-10 -4.33048e-09
2880	1.58959e-08 1.39343e-08
2881	-4.56355e-09 -1.83666e-09
2882	6.2187e-09 -3.65121e-09
2883	-1.80696e-09 3.89627e-10
2884	-4.19519e-12 5.39154e-12
2885	-5.76185e-11 -2.89492e-11
2886	2.21664e-11 -4.77563e-11
2887	-1.02909e-10 -3.15627e-10
2888	2.07052e-10 -3.69406e-10
2889	4.58181e-10 7.4069e-10
2890	-5.19989e-11 -2.38808e-10
2891	2.04782e-08 2.88245e-08
2892	-1.58391e-08 -1.06602e-08
2893	1.1254e-08 -4.45045e-08
2894	2.53806e-08 -1.07922e-08
2895	4.07986e-08 1.25984e-07
2896	-7.48276e-13 1.02415e-12
2897	4.88097e-13 5.13211e-13
2898	-4.778e-13 2.1452e-12
2899	-1.46604e-13 9.56043e-13
2900	9.32388e-12 -1.16342e-12
2901	1.04157e-12 -3.27146e-12
2902	4.60751e-12 -1.78688e-12
2903	1.77765e-12 -2.55967e-12
2904	7.0239e-13 4.80289e-13
2905	2.27634e-13 1.95838e-13
2906	-8.14869e-13 8.76469e-13
2907	-5.74277e-14 2.86209e-13
2908	1.40191e-12 -2.70808e-14
2909	2.79485e-13 -5.33746e-13
2910	1.36873e-12 -1.28613e-12
2911	6.69462e-09 -4.62246e-09
2912	2.24839e-09 -2.41959e-09
2913	-4.67082e-10 2.81484e-08
2914	-4.24879e-08 4.83816e-08
2915	2.71668e-08 -1.98893e-08
2916	-7.24362e-12 4.61913e-12
2917	-3.58193e-12 -1.59801e-12
2918	-3.20162e-13 -3.08133e-11
2919	-4.30753e-11 4.79829e-11
2920	-2.05402e-12 -1.38599e-12
2921	-5.03799e-13 -6.55035e-14
2922	-1.14749e-13 -2.73094e-13
2923	1.01556e-12 -1.0482e-12
2924	-1.54386e-12 8.6812e-12
2925	-4.49445e-14 4.65585e-13
2926	4.76182e-12 -7.08167e-13
2927	1.77643e-13 -7.23529e-14
2928	1.45886e-13 -4.90289e-13
2929	-4.7324e-13 -6.45305e-13
2930	-2.05485e-12 1.14648e-11
2931	8.84846e-13 2.07043e-12
2932	1.63807e-12 -8.89121e-13
2933	1.65201e-12 -5.532e-12
2934	-5.64736e-12 -1.70584e-12
2935	-6.47608e-12 6.2087e-12
2936	-9.71018e-14 1.37975e-11
2937	-3.44729e-12 -1.10308e-11
2938	1.2941e-11 1.70116e-11
2939	-4.58933e-12 -7.84371e-12
2940	6.86442e-12 -2.83726e-11
2941	2.26682e-13 6.50388e-13
2942	1.02322e-13 4.32596e-13
2943	-4.1952e-13 3.29501e-13
2944	-2.13784e-13 3.49443e-14
2945	2.07934e-13 -9.68403e-13
2946	-1.76095e-13 -1.039e-13
2947	-1.42717e-13 -2.34391e-14
2948	-3.79728e-13 -1.10629e-12
2949	-3.1303e-13 -3.49938e-13
2950	1.3225e-13 6.91369e-14
2951	-3.34214e-12 6.77933e-13
2952	-3.61081e-13 -5.29621e-13
2953	3.10276e-13 -5.02819e-13
2954	-1.64891e-12 6.32294e-13
2955	1.33223e-12 5.795e-14
2956	3.25033e-12 1.89295e-12
2957	-5.83437e-13 -3.70618e-13
2958	-9.56017e-13 -4.23773e-13
2959	2.78796e-12 1.31791e-12
2960	2.60142e-13 -1.21856e-12
2961	7.68377e-14 -3.54779e-13
2962	8.95742e-12 -1.20339e-11
2963	-2.08375e-12 -3.42188e-12
2964	4.27324e-11 9.73923e-11
2965	-7.80401e-12 2.14929e-10
2966	-8.64611e-11 4.67202e-10
2967	4.24502e-10 1.15677e-10
2968	-1.19344e-13 -7.33511e-12
2969	-6.54427e-11 2.85694e-11
2970	1.40036e-11 2.62854e-11
2971	-2.17086e-12 3.02124e-12
2972	-1.1398e-09 -4.2687e-10
2973	-4.41139e-10 3.05733e-11
2974	-1.18869e-10 -3.43265e-09
2975	-4.27917e-10 1.15093e-09
2976	-4.41907e-09 4.22733e-09
2977	-2.32904e-11 1.39059e-10
2978	2.42336e-11 5.31898e-12
2979	1.3327e-11 2.51684e-11
2980	4.8334e-13 -1.33757e-11
2981	-1.98442e-10 8.69158e-10
2982	-5.3819e-10 -1.38051e-09
2983	1.17442e-09 3.04744e-09
2984	4.02119e-10 3.66676e-10
2985	1.82889e-10 8.16149e-11
2986	5.19235e-14 -1.1729e-12
2987	1.26086e-13 -7.33192e-15
2988	-1.51611e-12 -1.21522e-12
2989	1.52437e-13 -4.88787e-13
2990	-9.98137e-12 -5.94411e-12
2991	-3.90239e-12 2.80645e-12
2992	-4.07432e-13 4.39914e-13
2993	-5.20933e-13 -7.81816e-12
2994	-1.60582e-12 -8.53503e-13
2995	-5.11239e-13 -7.67866e-12
2996	-2.19974e-13 1.75498e-11
2997	1.12203e-13 3.06806e-12
2998	-1.37558e-11 1.22265e-11
2999	7.67985e-13 8.12818e-13
3000	-1.02604e-12 -8.7481e-13
3001	1.33573e-11 -8.83308e-12
3002	1.36816e-12 -4.65961e-12
3003	-6.87701e-12 -7.37779e-12
3004	9.79635e-12 -8.75448e-12
3005	1.19923e-12 6.67477e-12
3006	-2.29289e-11 1.12603e-11
3007	6.87814e-13 4.35324e-13
3008	2.59752e-11 -1.17862e-12
3009	-2.36708e-11 -1.6979e-11
3010	-1.42239e-12 5.3732e-11
3011	-1.02197e-12 -1.37413e-12
3012	-1.76442e-12 -3.97302e-12
3013	-1.64457e-13 -6.3876e-13
3014	-6.26327e-13 3.30114e-14
3015	4.22382e-13 1.26943e-12
3016	2.51548e-11 3.27352e-11
3017	-3.5809e-14 2.64391e-12
3018	1.1971e-12 -2.51293e-13
3019	-1.46765e-11 -1.13495e-11
3020	-3.73982e-12 -6.91063e-13
3021	-3.87794e-13 -5.43467e-12
3022	1.11373e-13 -2.42734e-13
3023	8.04336e-13 9.32917e-13
3024	-7.1306e-12 2.16501e-12
3025	-5.73792e-13 3.33396e-12
3026	1.3507e-09 2.81178e-11
3027	-4.87734e-10 1.54904e-10
3028	5.21207e-10 1.38001e-09
3029	3.68502e-10 -1.08991e-09
3030	-2.46811e-09 1.63479e-09
3031	6.18602e-10 -7.07028e-10
3032	3.30343e-09 -5.06154e-09
3033	-2.14756e-10 1.17211e-10
3034	8.46116e-11 1.43562e-11
3035	5.59101e-10 2.01822e-09
3036	-2.96816e-09 3.35648e-09
3037	1.98448e-09 9.01978e-10
3038	9.60201e-12 -5.96148e-12
3039	-6.52086e-12 -2.88224e-11
3040	5.65218e-12 -2.96922e-11
3041	-1.06503e-11 2.16049e-12
3042	1.34877e-10 1.29329e-10
3043	5.19876e-10 -1.46027e-12
3044	-4.71663e-10 2.29203e-11
3045	5.71347e-11 1.36444e-10
3046	3.57463e-11 -3.63432e-11
3047	3.87505e-10 -1.51843e-09
3048	1.2824e-09 2.23393e-09
3049	-2.35606e-14 1.04938e-12
3050	-3.90552e-13 9.37792e-13
3051	1.16546e-08 -5.36904e-09
3052	4.50941e-10 5.37057e-10
3053	-6.855e-09 1.8448e-09
3054	-5.67997e-09 2.15567e-09
3055	-8.60362e-11 -9.99075e-09
3056	1.44352e-09 -8.48874e-10
3057	-9.46459e-09 3.57842e-09
3058	-4.07429e-09 4.81927e-09
3059	9.1869e-09 -2.41217e-08
3060	-9.82055e-09 1.39494e-08
3061	1.29504e-11 -7.2137e-12
3062	-8.22136e-11 4.19617e-11
3063	1.23714e-10 -2.75424e-10
3064	-1.30198e-11 4.9449e-11
3065	3.12692e-12 -1.40525e-11
3066	9.02396e-12 -1.566e-11
3067	2.0092e-10 1.77022e-10
3068	4.71562e-11 2.95405e-11
3069	-2.29689e-12 2.57441e-11
3070	-2.44609e-11 -2.49493e-11
3071	1.56795e-12 5.31998e-12
3072	5.5582e-12 -1.67228e-11
3073	-1.77592e-12 -1.3883e-11
3074	-9.83743e-13 -5.58736e-12
3075	-5.1557e-11 -3.57558e-11
3076	2.5321e-10 1.17594e-10
3077	3.99437e-12 -5.85765e-12
3078	9.66493e-11 -1.67026e-10
3079	-3.4758e-10 -4.10092e-10
3080	3.64578e-12 1.2541e-11
3081	-9.13784e-09 -5.44748e-09
3082	-1.07355e-09 1.0007e-10
3083	5.71411e-09 -7.29745e-10
3084	-9.81701e-09 1.41617e-09
3085	-3.7431e-09 -2.51616e-09
3086	-2.59515e-10 8.30867e-11
3087	2.80686e-09 8.03457e-10
3088	2.67381e-10 -5.71134e-10
3089	-6.61299e-09 1.75934e-08
3090	-1.1449e-08 4.92676e-11
3091	-5.40913e-11 3.68313e-11
3092	-7.89669e-10 5.66239e-10
3093	-4.33264e-11 -1.06607e-10
3094	1.18614e-08 -3.36715e-08
3095	-1.31694e-10 -2.36458e-08
3096	-7.38759e-09 2.05536e-08
3097	-5.23725e-11 2.51526e-10
3098	-1.80302e-09 7.13935e-09
3099	-2.7568e-10 -2.38122e-10
3100	-4.49498e-08 -1.43047e-10
3101	-3.74332e-11 1.95481e-10
3102	-2.92597e-11 -1.04919e-09
3103	-1.44167e-08 -1.27982e-07
3104	-3.07725e-09 1.39626e-09
3105	6.94574e-09 -3.78308e-09
3106	-3.9658e-08 1.82778e-08
3107	-5.08383e-08 2.85919e-08
3108	-4.5547e-08 1.12076e-07
3109	-1.20881e-08 -1.92445e-07
3110	-1.44097e-08 1.13849e-08
3111	1.36519e-08 -1.39858e-08
3112	5.29678e-10 3.71411e-11
3113	1.74429e-09 -6.86304e-10
3114	-3.38397e-10 -4.76022e-10
3115	4.90224e-11 3.6069e-11
3116	-3.28051e-12 2.06356e-12
3117	-8.06286e-11 -6.1298e-11
3118	2.73865e-12 -3.74638e-12
3119	-6.7664e-09 1.71789e-08
3120	1.67947e-09 1.33617e-09
3121	-2.68018e-08 4.04499e-08
3122	1.64844e-10 -2.7197e-09
3123	-1.27795e-07 5.17088e-08
