3125
0
6
12
18
30
42
54
60
69
75
84
99
108
114
120
126
138
150
162
168
177
183
192
207
216
225
231
240
252
264
273
285
297
316
332
341
347
356
368
377
392
401
417
426
432
441
453
465
474
486
498
517
533
542
548
557
572
584
599
608
624
637
646
655
661
677
689
701
713
725
734
740
753
772
784
796
805
814
820
836
848
860
869
878
887
893
912
924
936
942
951
960
966
978
990
1009
1021
1033
1039
1048
1057
1063
1075
1087
1106
1118
1130
1136
1145
1154
1160
1172
1184
1203
1215
1227
1233
1242
1251
1257
1269
1281
1300
1312
1324
1330
1336
1342
1354
1366
1378
1384
1390
1396
1408
1420
1432
1438
1444
1450
1462
1474
1486
1492
1498
1504
1516
1528
1540
1546
1555
1567
1579
1588
1594
1603
1612
1618
1627
1636
1642
1651
1663
1672
1684
1690
1702
1711
1720
1726
1735
1744
1756
1762
1774
1783
1792
1798
1807
1816
1825
1837
1849
1858
1864
1879
1889
1898
1910
1916
1925
1934
1946
1952
1961
1976
1988
1997
2006
2012
2021
2030
2036
2048
2057
2066
2078
2084
2093
2102
2108
2117
2126
2132
2144
2153
2162
2174
2180
2189
2198
2204
2216
2225
2234
2240
2249
2261
2270
2282
2288
2297
2306
2312
2321
2330
2336
2348
2357
2366
2378
2384
2393
2402
2408
2420
2432
2444
2453
2462
2468
2477
2486
2498
2507
2516
2528
2534
2543
2555
2567
2576
2582
2591
2600
2612
2618
2627
2642
2654
2663
2672
2678
2687
2696
2702
2711
2720
2726
2735
2747
2759
2768
2774
2786
2795
2804
2810
2819
2828
2837
2849
2861
2870
2876
2888
2898
2910
2916
2925
2940
2949
2961
2970
2976
2985
2994
3006
3012
3024
3033
3042
3048
3057
3066
3078
3084
3093
3102
3108
3120
3129
3138
3144
3153
3162
3174
3180
3189
3204
3213
3222
3234
3240
3249
3258
3264
3276
3285
3294
3300
3309
3318
3330
3336
3345
3354
3360
3372
3381
3390
3396
3405
3417
3426
3438
3444
3453
3462
3468
3477
3486
3495
3507
3519
3528
3534
3543
3552
3564
3570
3585
3594
3603
3612
3621
3630
3642
3648
3657
3669
3681
3690
3696
3705
3714
3726
3738
3747
3756
3768
3774
3783
3795
3807
3816
3822
3837
3846
3855
3864
3873
3882
3894
3900
3912
3921
3930
3942
3948
3957
3966
3978
3990
3999
4008
4020
4029
4041
4053
4062
4075
4091
4100
4109
4118
4127
4136
4155
4164
4176
4185
4197
4206
4215
4237
4250
4259
4271
4280
4292
4308
4321
4330
4339
4348
4357
4373
4382
4394
4406
4415
4427
4446
4462
4475
4484
4493
4502
4511
4520
4539
4548
4557
4566
4575
4591
4603
4615
4624
4637
4653
4665
4674
4683
4693
4702
4714
4736
4752
4764
4776
4788
4801
4817
4833
4846
4855
4864
4876
4888
4900
4916
4932
4948
4964
4973
4982
4991
5000
5016
5028
5037
5049
5058
5070
5083
5102
5118
5130
5139
5148
5157
5173
5186
5198
5207
5216
5225
5238
5254
5263
5272
5284
5296
5309
5325
5341
5353
5365
5374
5383
5392
5401
5420
5436
5448
5457
5466
5479
5492
5504
5513
5525
5534
5546
5559
5575
5594
5610
5619
5631
5640
5652
5668
5684
5697
5709
5721
5730
5739
5748
5764
5780
5789
5801
5813
5826
5842
5855
5864
5873
5882
5891
5900
5909
5918
5943
5952
5961
5970
5983
5992
6004
6019
6028
6043
6056
6075
6094
6110
6123
6132
6141
6150
6166
6178
6190
6199
6211
6227
6243
6259
6272
6284
6293
6302
6311
6324
6340
6349
6358
6370
6382
6394
6410
6426
6442
6458
6467
6476
6485
6494
6510
6519
6528
6537
6546
6555
6574
6586
6595
6607
6619
6638
6651
6664
6673
6682
6691
6703
6712
6728
6744
6753
6762
6771
6780
6789
6808
6820
6832
6841
6854
6870
6882
6891
6901
6910
6922
6941
6957
6969
6978
6990
6999
7011
7030
7043
7056
7075
7084
7093
7105
7117
7129
7145
7161
7177
7193
7202
7211
7220
7233
7245
7254
7266
7275
7287
7300
7322
7335
7347
7356
7365
7374
7383
7396
7415
7427
7436
7445
7458
7471
7483
7492
7504
7513
7522
7534
7550
7566
7582
7601
7613
7625
7637
7650
7666
7682
7695
7704
7713
7722
7734
7743
7759
7775
7784
7793
7802
7811
7820
7839
7851
7863
7875
7888
7904
7917
7926
7935
7944
7956
7965
7974
7993
8009
8018
8030
8042
8054
8070
8086
8099
8108
8117
8126
8139
8148
8157
8166
8175
8184
8193
8215
8227
8242
8251
8266
8275
8288
8304
8323
8339
8355
8364
8373
8386
8399
8411
8427
8443
8459
8478
8490
8499
8508
8521
8540
8549
8558
8567
8580
8589
8601
8614
8630
8646
8662
8674
8686
8702
8718
8727
8736
8745
8761
8774
8793
8805
8814
8826
8839
8855
8864
8876
8892
8908
8917
8926
8942
8961
8977
8993
9005
9014
9023
9039
9048
9057
9066
9082
9101
9110
9122
9131
9144
9157
9169
9181
9197
9216
9225
9234
9243
9256
9272
9288
9300
9309
9318
9337
9346
9355
9371
9380
9389
9402
9421
9437
9446
9458
9467
9480
9489
9498
9520
9529
9538
9547
9560
9573
9585
9594
9607
9623
9645
9654
9666
9675
9688
9697
9709
9725
9747
9760
9769
9781
9793
9806
9819
9828
9837
9853
9872
9881
9890
9902
9915
9931
9944
9960
9969
9984
10000
10019
10028
10037
10046
10062
10081
10093
10102
10111
10130
10139
10148
10157
10173
10186
10195
10207
10219
10235
10251
10260
10272
10288
10301
10310
10319
10332
10348
10367
10376
10388
10397
10410
10419
10431
10444
10463
10472
10481
10497
10513
10529
10548
10560
10569
10578
10597
10606
10615
10624
10643
10656
10668
10677
10686
10699
10712
10724
10736
10752
10768
10777
10786
10799
10818
10834
10846
10855
10864
10880
10889
10898
10907
10926
10935
10944
10957
10970
10982
10991
11007
11026
11035
11047
11056
11072
11081
11090
11102
11115
11131
11140
11149
11165
11187
11200
11209
11221
11230
11243
11252
11261
11274
11293
11309
11318
11330
11341
11357
11373
11382
11394
11407
11423
11432
11441
11450
11466
11482
11495
11511
11520
11535
11557
11566
11575
11581
11590
11602
11614
11623
11632
11644
11656
11665
11671
11680
11692
11704
11713
11722
11734
11746
11755
11761
11773
11782
11791
11803
11815
11824
11833
11845
11851
11860
11872
11884
11893
11905
11914
11923
11935
11944
11956
11965
11978
11997
12009
12018
12027
12039
12048
12067
12080
12092
12101
12110
12119
12135
12144
12153
12162
12174
12187
12200
12212
12221
12230
12242
12258
12271
12283
12292
12301
12317
12326
12335
12344
12353
12365
12378
12394
12406
12415
12424
12433
12452
12461
12470
12482
12491
12504
12523
12535
12544
12553
12565
12574
12587
12606
12618
12627
12636
12645
12654
12673
12682
12691
12700
12709
12721
12737
12750
12762
12771
12780
12796
12805
12814
12823
12835
12851
12864
12873
12885
12894
12903
12912
12928
12937
12946
12958
12967
12980
12999
13011
13020
13029
13038
13051
13060
13069
13081
13090
13106
13119
13131
13140
13149
13165
13174
13183
13192
13204
13213
13226
13242
13254
13263
13275
13288
13304
13313
13325
13334
13343
13356
13365
13374
13383
13395
13414
13427
13436
13448
13457
13466
13479
13488
13497
13506
13515
13534
13543
13552
13561
13570
13582
13595
13614
13623
13635
13647
13656
13669
13688
13700
13709
13718
13730
13739
13755
13771
13780
13792
13801
13810
13822
13835
13854
13863
13875
13884
13896
13912
13925
13934
13946
13955
13964
13973
13989
13998
14007
14019
14028
14041
14057
14069
14078
14087
14103
14112
14121
14130
14142
14155
14168
14180
14189
14198
14207
14226
14235
14244
14256
14265
14278
14297
14309
14318
14327
14339
14348
14361
14380
14392
14401
14410
14419
14428
14447
14456
14465
14474
14486
14499
14512
14524
14533
14542
14551
14567
14576
14585
14597
14610
14626
14638
14647
14656
14665
14681
14690
14699
14708
14717
14726
14742
14751
14760
14772
14785
14798
14810
14819
14828
14840
14853
14872
14881
14893
14902
14911
14920
14939
14948
14957
14966
14975
14988
14997
15006
15018
15030
15043
15056
15075
15087
15099
15108
15117
15126
15142
15151
15160
15172
15188
15201
15210
15222
15231
15240
15253
15262
15271
15280
15289
15308
15317
15326
15335
15344
15356
15369
15388
15397
15409
15421
15430
15443
15462
15474
15483
15489
15498
15510
15522
15531
15540
15552
15564
15573
15579
15588
15600
15612
15621
15630
15642
15654
15663
15669
15681
15690
15699
15711
15723
15732
15741
15753
15759
15768
15780
15792
15801
15813
15822
15831
15843
15849
15861
15870
15879
15891
15897
15906
15915
15927
15933
15942
15951
15957
15969
15978
15990
15999
16005
16014
16023
16035
16041
16053
16062
16071
16077
16086
16095
16101
16110
16119
16131
16143
16152
16161
16173
16179
16188
16197
16209
16215
16227
16236
16248
16257
16263
16275
16284
16293
16305
16311
16320
16329
16335
16347
16356
16365
16377
16383
16392
16401
16407
16416
16425
16431
16444
16456
16468
16480
16492
16498
16507
16516
16528
16534
16543
16552
16558
16570
16579
16588
16600
16606
16618
16627
16636
16642
16651
16660
16666
16675
16687
16699
16708
16714
16723
16732
16738
16747
16756
16768
16774
16783
16798
16807
16816
16828
16837
16846
16858
16864
16876
16885
16894
16906
16912
16921
16930
16942
16948
16960
16969
16978
16984
16993
17002
17014
17020
17029
17038
17050
17056
17068
17077
17086
17092
17101
17110
17116
17125
17134
17146
17158
17167
17176
17188
17194
17203
17212
17224
17230
17242
17251
17263
17272
17278
17290
17299
17308
17314
17323
17332
17344
17350
17362
17371
17380
17386
17395
17404
17410
17419
17428
17440
17446
17458
17467
17476
17482
17491
17503
17512
17524
17530
17539
17548
17560
17566
17575
17584
17590
17599
17611
17623
17632
17638
17647
17656
17668
17674
17686
17695
17704
17710
17719
17728
17734
17743
17752
17764
17770
17779
17794
17803
17812
17824
17833
17842
17854
17866
17881
17893
17918
17931
17947
17963
17979
17995
18011
18026
18041
18060
18076
18092
18102
18117
18129
18138
18160
18179
18195
18208
18224
18243
18252
18264
18273
18285
18310
18323
18332
18344
18356
18368
18387
18406
18422
18435
18447
18456
18472
18491
18506
18515
18528
18547
18563
18572
18587
18599
18624
18640
18656
18672
18685
18704
18719
18734
18750
18763
18782
18801
18817
18827
18846
18862
18874
18886
18895
18914
18936
18946
18965
18983
18992
19014
19027
19043
19062
19075
19091
19107
19122
19134
19156
19175
19191
19204
19217
19226
19241
19266
19279
19292
19305
19324
19336
19348
19357
19366
19385
19410
19420
19433
19452
19468
19484
19512
19525
19534
19546
19565
19581
19597
19610
19623
19645
19667
19689
19702
19721
19739
19755
19777
19793
19806
19816
19829
19854
19863
19878
19888
19898
19920
19948
19967
19983
19995
20008
20030
20043
20062
20071
20096
20112
20125
20141
20153
20172
20185
20201
20214
20227
20249
20265
20278
20306
20319
20334
20350
20363
20379
20395
20411
20430
20449
20474
20484
20500
20519
20538
20548
20567
20583
20599
20609
20625
20638
20654
20673
20686
20702
20715
20728
20737
20749
20761
20773
20789
20811
20820
20835
20857
20876
20886
20901
20913
20925
20947
20963
20976
20988
21000
21022
21038
21051
21067
21083
21095
21107
21120
21142
21158
21177
21196
21215
21227
21246
21259
21272
21288
21301
21314
21327
21343
21356
21372
21388
21404
21413
21422
21431
21440
21455
21470
21483
21496
21511
21520
21532
21548
21573
21589
21601
21616
21629
21642
21654
21663
21672
21691
21707
21719
21734
21749
21762
21784
21803
21816
21825
21834
21843
21861
21871
21887
21896
21908
21918
21930
21942
21961
21980
21993
22002
22014
22030
22046
22061
22077
22099
22115
22137
22159
22172
22188
22213
22229
22242
22255
22268
22287
22300
22316
22332
22345
22357
22372
22387
22412
22422
22438
22454
22466
22475
22491
22510
22526
22538
22553
22566
22594
22606
22618
22630
22652
22665
22681
22700
22719
22731
22743
22755
22774
22787
22800
22816
22829
22842
22858
22874
22883
22892
22904
22916
22931
22941
22950
22962
22971
22990
23006
23018
23027
23036
23058
23077
23086
23098
23110
23125
23144
23166
23179
23188
23200
23215
23228
23241
23253
23262
23278
23297
23312
23324
23336
23355
23371
23390
23405
23418
23431
23440
23459
23475
23488
23500
23513
23529
23551
23570
23589
23608
23630
23649
23665
23678
23691
23704
23720
23733
23758
23771
23784
23800
23822
23835
23857
23873
23895
23914
23939
23955
23968
23981
24000
24016
24035
24060
24076
24089
24105
24130
24149
24171
24187
24203
24219
24241
24257
24273
24295
24314
24336
24355
24371
24399
24412
24431
24450
24469
24485
24510
24523
24542
24564
24580
24596
24618
24634
24647
24666
24682
24701
24726
24745
24767
24783
24796
24815
24834
24853
24869
24891
24907
24926
24945
24961
24980
24996
25012
25031
25044
25069
25085
25101
25114
25133
25152
25168
25187
25203
25216
25232
25248
25267
25283
25304
25320
25333
25346
25362
25384
25403
25419
25435
25448
25467
25489
25502
25515
25534
25550
25566
25582
25598
25614
25630
25646
25668
25687
25709
25725
25747
25763
25776
25792
25808
25827
25843
25865
25878
25894
25913
25932
25945
25964
25980
25999
26018
26037
26056
26069
26091
26107
26126
26145
26158
26180
26196
26212
26231
26244
26260
26273
26289
26305
26318
26334
26356
26369
26385
26398
26417
26430
26449
26462
26478
26494
26510
26523
26545
26564
26583
26608
26624
26637
26650
26669
26691
26710
26726
26745
26767
26780
26796
26812
26834
26853
26869
26894
26910
26926
26942
26955
26974
26993
27009
27031
27056
27069
27085
27098
27108
27130
27152
27171
27190
27209
27228
27244
27263
27282
27298
27314
27327
27346
27362
27375
27394
27407
27429
27445
27461
27477
27493
27509
27528
27550
27566
27579
27595
27611
27633
27655
27677
27690
27709
27722
27738
27760
27776
27798
27814
27836
27849
27868
27887
27909
27919
27932
27954
27976
27992
28008
28027
28046
28068
28084
28103
28116
28132
28145
28161
28177
28193
28209
28231
28247
28260
28273
28295
28311
28333
28355
28371
28393
28412
28425
28441
28454
28476
28492
28508
28521
28540
28556
28572
28591
28607
28623
28636
28652
28668
28687
28703
28716
28732
28751
28770
28789
28802
28821
28837
28856
28872
28888
28907
28926
28939
28952
28971
28984
29000
29019
29041
29051
29070
29086
29102
29124
29140
29156
29169
29191
29213
29229
29245
29267
29277
29296
29309
29328
29344
29357
29376
29395
29414
29424
29443
29456
29475
29488
29507
29523
29539
29555
29574
29593
29606
29622
29638
29657
29679
29695
29717
29730
29740
29753
29769
29791
29807
29829
29845
29858
29880
29896
29909
29928
29944
29963
29982
29998
30014
30033
30046
30059
30078
30100
30119
30129
30145
30158
30180
30202
30221
30234
30247
30266
30285
30304
30317
30336
30352
30368
30384
30394
30410
30429
30445
30458
30477
30487
30503
30516
30538
30563
30576
30589
30611
30624
30640
30656
30672
30688
30704
30732
30745
30758
30768
30781
30797
30813
30835
30845
30858
30874
30890
30909
30922
30935
30951
30973
30983
30996
31018
31028
31041
31054
31070
31082
31094
31106
31131
31144
31163
31176
31188
31200
31212
31237
31259
31272
31288
31300
31319
31338
31350
31363
31385
31401
31414
31427
31440
31453
31466
31482
31495
31508
31521
31534
31550
31565
31577
31589
31608
31624
31639
31651
31663
31688
31701
31714
31733
31749
31761
31773
31792
31805
31817
31833
31852
31868
31884
31896
31909
31934
31946
31968
31981
31993
32012
32025
32037
32056
32075
32091
32113
32126
32139
32152
32165
32178
32190
32202
32214
32239
32252
32274
32287
32306
32318
32330
32342
32361
32374
32386
32398
32414
32427
32443
32465
32484
32503
32516
32529
32545
32558
32571
32584
32597
32609
32621
32633
32652
32665
32680
32692
32704
32723
32739
32751
32763
32785
32804
32817
32829
32848
32867
32880
32899
32915
32927
32946
32959
32971
32990
33003
33019
33031
33043
33059
33072
33091
33113
33126
33145
33161
33174
33190
33209
33228
33247
33269
33282
33295
33311
33324
33337
33356
33375
33394
33416
33429
33445
33464
33483
33499
33518
33531
33544
33563
33582
33601
33617
33630
33652
33665
33684
33703
33716
33735
33754
33767
33792
33805
33824
33843
33862
33878
33897
33907
33920
33939
33958
33977
33993
34006
34025
34038
34060
34082
34101
34120
34139
34152
34165
34184
34203
34228
34241
34263
34279
34295
34311
34324
34337
34362
34375
34397
34419
34438
34451
34464
34483
34496
34515
34528
34547
34560
34576
34595
34614
34633
34643
34662
34681
34694
34713
34729
34745
34761
34774
34793
34812
34825
34841
34866
34879
34904
34920
34942
34958
34971
34987
35009
35022
35041
35057
35070
35086
35102
35127
35140
35159
35181
35191
35210
35229
35248
35267
35289
35302
35318
35334
35353
35366
35379
35401
35423
35433
35452
35465
35478
35497
35510
35523
35542
35555
35574
35599
35618
35631
35644
35654
35676
35686
35699
35718
35731
35750
35763
35779
35795
35814
35827
35840
35859
35878
35891
35907
35923
35942
35958
35971
35990
36015
36034
36044
36057
36085
36098
36111
36127
36140
36159
36178
36191
36207
36226
36239
36258
36271
36290
36306
36325
36344
36357
36376
36392
36411
36424
36443
36459
36472
36485
36498
36514
36536
36555
36568
36587
36600
36619
36632
36645
36664
36686
36699
36718
36731
36747
36769
36782
36804
36817
36836
36849
36862
36881
36897
36916
36935
36948
36964
36977
37002
37015
37034
37047
37066
37079
37092
37108
37124
37140
37159
37178
37191
37204
37223
37242
37252
37274
37293
37306
37322
37338
37354
37367
37380
37399
37418
37434
37450
37466
37482
37504
37520
37530
37549
37568
37581
37594
37607
37629
37645
37664
37686
37699
37718
37740
37753
37772
37785
37798
37820
37839
37858
37877
37893
37909
37925
37947
37969
37988
38001
38017
38033
38046
38059
38072
38094
38116
38129
38148
38158
38177
38187
38206
38222
38241
38257
38273
38289
38302
38318
38334
38350
38363
38376
38392
38408
38421
38434
38447
38463
38476
38492
38511
38527
38543
38559
38578
38597
38610
38622
38634
38646
38671
38693
38706
38718
38730
38742
38767
38786
38802
38818
38833
38846
38868
38880
38899
38918
38943
38953
38966
38979
38992
39005
39021
39034
39047
39060
39073
39089
39101
39113
39125
39141
39160
39175
39187
39199
39221
39237
39250
39263
39285
39297
39306
39328
39341
39353
39375
39388
39407
39419
39435
39447
39469
39485
39497
39516
39532
39542
39554
39576
39592
39608
39630
39643
39656
39669
39682
39694
39706
39718
39743
39756
39775
39791
39810
39822
39834
39846
39865
39878
39890
39902
39921
39940
39962
39975
39994
40016
40032
40045
40058
40071
40084
40096
40108
40120
40136
40152
40167
40179
40191
40204
40226
40238
40250
40272
40291
40303
40322
40341
40357
40376
40388
40404
40420
40432
40451
40470
40480
40492
40504
40523
40542
40564
40577
40599
40612
40628
40637
40652
40664
40676
40688
40700
40712
40724
40736
40745
40754
40766
40775
40793
40802
40817
40829
40844
40856
40871
40880
40892
40904
40913
40925
40934
40949
40964
40973
40988
41000
41012
41024
41039
41051
41063
41072
41084
41099
41114
41129
41138
41150
41159
41171
41180
41192
41201
41213
41225
41234
41246
41261
41276
41288
41300
41312
41324
41339
41351
41360
41375
41390
41402
41414
41426
41441
41453
41465
41477
41489
41501
41510
